0.3094065;-0.1729106;-0.1627607;0.3764706;0.6941177;0.4666667
0.3098941;-0.1724078;-0.1671996;0.3764706;0.6941177;0.4666667
0.3098941;-0.1724078;-0.1671996;0.3764706;0.6941177;0.4666667
0.3100438;-0.1722018;-0.1683749;0.3764706;0.6941177;0.4666667
0.3100438;-0.1722018;-0.1683749;0.3764706;0.6941177;0.4666667
0.3103447;-0.1709716;-0.172816;0.3764706;0.6941177;0.4666667
0.3103447;-0.1709716;-0.172816;0.3764706;0.6941177;0.4666667
0.3102445;-0.1702873;-0.1742169;0.3764706;0.6941177;0.4666667
0.3102445;-0.1702873;-0.1742169;0.3764706;0.6941177;0.4666667
0.310143;-0.1678557;-0.1810471;0.3764706;0.6941177;0.4666667
0.310143;-0.1678557;-0.1810471;0.3764706;0.6941177;0.4666667
0.3104294;-0.1643435;-0.1888977;0.3764706;0.6941177;0.4666667
0.3104294;-0.1643435;-0.1888977;0.3764706;0.6941177;0.4666667
0.3106315;-0.1606184;-0.1970656;0.3764706;0.6941177;0.4666667
0.3106315;-0.1606184;-0.1970656;0.3764706;0.6941177;0.4666667
0.310611;-0.1597465;-0.1986176;0.3764706;0.6941177;0.4666667
0.310611;-0.1597465;-0.1986176;0.3764706;0.6941177;0.4666667
0.3096665;-0.1554038;-0.2075577;0.3764706;0.6941177;0.4666667
0.3096665;-0.1554038;-0.2075577;0.3764706;0.6941177;0.4666667
0.3091719;-0.1540364;-0.2099797;0.3764706;0.6941177;0.4666667
0.3091719;-0.1540364;-0.2099797;0.3764706;0.6941177;0.4666667
0.3044161;-0.1471671;-0.2241197;0.3764706;0.6941177;0.4666667
0.3044161;-0.1471671;-0.2241197;0.3764706;0.6941177;0.4666667
0.2989396;-0.139752;-0.2353468;0.3764706;0.6941177;0.4666667
0.2989396;-0.139752;-0.2353468;0.3764706;0.6941177;0.4666667
0.2974446;-0.1375207;-0.2382222;0.3764706;0.6941177;0.4666667
0.2974446;-0.1375207;-0.2382222;0.3764706;0.6941177;0.4666667
0.2915128;-0.1286581;-0.250427;0.3764706;0.6941177;0.4666667
0.2915128;-0.1286581;-0.250427;0.3764706;0.6941177;0.4666667
0.2899399;-0.1261564;-0.2535317;0.3764706;0.6941177;0.4666667
0.2899399;-0.1261564;-0.2535317;0.3764706;0.6941177;0.4666667
0.2841853;-0.1175733;-0.2646277;0.3764706;0.6941177;0.4666667
0.2841853;-0.1175733;-0.2646277;0.3764706;0.6941177;0.4666667
0.2813952;-0.1132784;-0.2692525;0.3764706;0.6941177;0.4666667
0.2813952;-0.1132784;-0.2692525;0.3764706;0.6941177;0.4666667
0.2715108;-0.09904414;-0.2846522;0.3764706;0.6941177;0.4666667
0.2715108;-0.09904414;-0.2846522;0.3764706;0.6941177;0.4666667
0.2629799;-0.08620322;-0.2963699;0.3764706;0.6941177;0.4666667
0.2629799;-0.08620322;-0.2963699;0.3764706;0.6941177;0.4666667
0.2608358;-0.08286621;-0.2992543;0.3764706;0.6941177;0.4666667
0.2608358;-0.08286621;-0.2992543;0.3764706;0.6941177;0.4666667
0.2521782;-0.06926891;-0.3106817;0.3764706;0.6941177;0.4666667
0.2521782;-0.06926891;-0.3106817;0.3764706;0.6941177;0.4666667
0.2499839;-0.06573826;-0.3134315;0.3764706;0.6941177;0.4666667
0.2499839;-0.06573826;-0.3134315;0.3764706;0.6941177;0.4666667
0.2415713;-0.05222336;-0.3234503;0.3764706;0.6941177;0.4666667
0.2415713;-0.05222336;-0.3234503;0.3764706;0.6941177;0.4666667
0.2385575;-0.04754503;-0.3265836;0.3764706;0.6941177;0.4666667
0.2385575;-0.04754503;-0.3265836;0.3764706;0.6941177;0.4666667
0.22889;-0.03311843;-0.3350648;0.3764706;0.6941177;0.4666667
0.22889;-0.03311843;-0.3350648;0.3764706;0.6941177;0.4666667
0.2255322;-0.02822679;-0.3378322;0.3764706;0.6941177;0.4666667
0.2255322;-0.02822679;-0.3378322;0.3764706;0.6941177;0.4666667
0.2138221;-0.01194385;-0.34674;0.3764706;0.6941177;0.4666667
0.2138221;-0.01194385;-0.34674;0.3764706;0.6941177;0.4666667
0.2109914;-0.008246763;-0.3488986;0.3764706;0.6941177;0.4666667
0.2109914;-0.008246763;-0.3488986;0.3764706;0.6941177;0.4666667
0.1996571;0.006767495;-0.3564713;0.3764706;0.6941177;0.4666667
0.1996571;0.006767495;-0.3564713;0.3764706;0.6941177;0.4666667
0.1967098;0.01053775;-0.358355;0.3764706;0.6941177;0.4666667
0.1967098;0.01053775;-0.358355;0.3764706;0.6941177;0.4666667
0.1873354;0.02211268;-0.3639691;0.3764706;0.6941177;0.4666667
0.1873354;0.02211268;-0.3639691;0.3764706;0.6941177;0.4666667
0.1821085;0.02855761;-0.3667154;0.3764706;0.6941177;0.4666667
0.1821085;0.02855761;-0.3667154;0.3764706;0.6941177;0.4666667
0.1731234;0.03945709;-0.3710023;0.3764706;0.6941177;0.4666667
0.1731234;0.03945709;-0.3710023;0.3764706;0.6941177;0.4666667
0.1670275;0.04683567;-0.3736496;0.3764706;0.6941177;0.4666667
0.1670275;0.04683567;-0.3736496;0.3764706;0.6941177;0.4666667
0.1549215;0.06192865;-0.3780384;0.3764706;0.6941177;0.4666667
0.1549215;0.06192865;-0.3780384;0.3764706;0.6941177;0.4666667
0.1518834;0.0656255;-0.3791952;0.3764706;0.6941177;0.4666667
0.1518834;0.0656255;-0.3791952;0.3764706;0.6941177;0.4666667
0.1399719;0.07997005;-0.3833427;0.3764706;0.6941177;0.4666667
0.1399719;0.07997005;-0.3833427;0.3764706;0.6941177;0.4666667
0.1369116;0.08351099;-0.3843914;0.3764706;0.6941177;0.4666667
0.1369116;0.08351099;-0.3843914;0.3764706;0.6941177;0.4666667
0.1264617;0.09514514;-0.3880682;0.3764706;0.6941177;0.4666667
0.1264617;0.09514514;-0.3880682;0.3764706;0.6941177;0.4666667
0.1219266;0.1001628;-0.3895519;0.3764706;0.6941177;0.4666667
0.1219266;0.1001628;-0.3895519;0.3764706;0.6941177;0.4666667
0.1120573;0.1109171;-0.3925226;0.3764706;0.6941177;0.4666667
0.1120573;0.1109171;-0.3925226;0.3764706;0.6941177;0.4666667
0.1064707;0.1167136;-0.3940142;0.3764706;0.6941177;0.4666667
0.1064707;0.1167136;-0.3940142;0.3764706;0.6941177;0.4666667
0.07791731;0.1461155;-0.3989892;0.3764706;0.6941177;0.4666667
0.07791731;0.1461155;-0.3989892;0.3764706;0.6941177;0.4666667
0.07385839;0.1500822;-0.3995639;0.3764706;0.6941177;0.4666667
0.07385839;0.1500822;-0.3995639;0.3764706;0.6941177;0.4666667
0.06178897;0.1621749;-0.400735;0.3764706;0.6941177;0.4666667
0.06178897;0.1621749;-0.400735;0.3764706;0.6941177;0.4666667
0.05855807;0.1652061;-0.40108;0.3764706;0.6941177;0.4666667
0.05855807;0.1652061;-0.40108;0.3764706;0.6941177;0.4666667
0.04804932;0.1746619;-0.4023615;0.3764706;0.6941177;0.4666667
0.04804932;0.1746619;-0.4023615;0.3764706;0.6941177;0.4666667
0.04468565;0.1775612;-0.4026077;0.3764706;0.6941177;0.4666667
0.04468565;0.1775612;-0.4026077;0.3764706;0.6941177;0.4666667
0.04118469;0.1805157;-0.4028543;0.3764706;0.6941177;0.4666667
0.04118469;0.1805157;-0.4028543;0.3764706;0.6941177;0.4666667
0.02748778;0.1918956;-0.403358;0.3764706;0.6941177;0.4666667
0.02748778;0.1918956;-0.403358;0.3764706;0.6941177;0.4666667
0.02380075;0.1948123;-0.4034233;0.3764706;0.6941177;0.4666667
0.02380075;0.1948123;-0.4034233;0.3764706;0.6941177;0.4666667
0.008474009;0.205337;-0.4026194;0.3764706;0.6941177;0.4666667
0.008474009;0.205337;-0.4026194;0.3764706;0.6941177;0.4666667
0.005608538;0.2074357;-0.4026202;0.3764706;0.6941177;0.4666667
0.005608538;0.2074357;-0.4026202;0.3764706;0.6941177;0.4666667
-0.006586501;0.2163787;-0.4025143;0.3764706;0.6941177;0.4666667
-0.006586501;0.2163787;-0.4025143;0.3764706;0.6941177;0.4666667
-0.00946128;0.2184266;-0.402492;0.3764706;0.6941177;0.4666667
-0.00946128;0.2184266;-0.402492;0.3764706;0.6941177;0.4666667
-0.02574937;0.2299082;-0.4027262;0.3764706;0.6941177;0.4666667
-0.02574937;0.2299082;-0.4027262;0.3764706;0.6941177;0.4666667
-0.032575;0.2346311;-0.40254;0.3764706;0.6941177;0.4666667
-0.032575;0.2346311;-0.40254;0.3764706;0.6941177;0.4666667
-0.04836439;0.2455293;-0.4021131;0.3764706;0.6941177;0.4666667
-0.04836439;0.2455293;-0.4021131;0.3764706;0.6941177;0.4666667
-0.05246817;0.2482768;-0.4019878;0.3764706;0.6941177;0.4666667
-0.05246817;0.2482768;-0.4019878;0.3764706;0.6941177;0.4666667
-0.06880593;0.2590775;-0.4014363;0.3764706;0.6941177;0.4666667
-0.06880593;0.2590775;-0.4014363;0.3764706;0.6941177;0.4666667
-0.07277963;0.2619852;-0.4009187;0.3764706;0.6941177;0.4666667
-0.07277963;0.2619852;-0.4009187;0.3764706;0.6941177;0.4666667
-0.08628164;0.2711097;-0.3994215;0.3764706;0.6941177;0.4666667
-0.08628164;0.2711097;-0.3994215;0.3764706;0.6941177;0.4666667
-0.09362438;0.2762752;-0.3982301;0.3764706;0.6941177;0.4666667
-0.09362438;0.2762752;-0.3982301;0.3764706;0.6941177;0.4666667
-0.1104682;0.288202;-0.3953921;0.3764706;0.6941177;0.4666667
-0.1104682;0.288202;-0.3953921;0.3764706;0.6941177;0.4666667
-0.1146148;0.2912065;-0.3944391;0.3764706;0.6941177;0.4666667
-0.1146148;0.2912065;-0.3944391;0.3764706;0.6941177;0.4666667
-0.1312757;0.3033029;-0.3900005;0.3764706;0.6941177;0.4666667
-0.1312757;0.3033029;-0.3900005;0.3764706;0.6941177;0.4666667
-0.1354689;0.3062447;-0.3888035;0.3764706;0.6941177;0.4666667
-0.1354689;0.3062447;-0.3888035;0.3764706;0.6941177;0.4666667
-0.1490944;0.3160408;-0.3844117;0.3764706;0.6941177;0.4666667
-0.1490944;0.3160408;-0.3844117;0.3764706;0.6941177;0.4666667
-0.1563963;0.3212363;-0.3816518;0.3764706;0.6941177;0.4666667
-0.1563963;0.3212363;-0.3816518;0.3764706;0.6941177;0.4666667
-0.1699811;0.3306145;-0.3759085;0.3764706;0.6941177;0.4666667
-0.1699811;0.3306145;-0.3759085;0.3764706;0.6941177;0.4666667
-0.1731611;0.3326617;-0.3746045;0.3764706;0.6941177;0.4666667
-0.1731611;0.3326617;-0.3746045;0.3764706;0.6941177;0.4666667
-0.1950106;0.3463597;-0.3645676;0.3764706;0.6941177;0.4666667
-0.1950106;0.3463597;-0.3645676;0.3764706;0.6941177;0.4666667
-0.2148399;0.3585499;-0.3536807;0.3764706;0.6941177;0.4666667
-0.2148399;0.3585499;-0.3536807;0.3764706;0.6941177;0.4666667
-0.2311222;0.3674318;-0.3447965;0.3764706;0.6941177;0.4666667
-0.2311222;0.3674318;-0.3447965;0.3764706;0.6941177;0.4666667
-0.2336992;0.369243;-0.3424299;0.3764706;0.6941177;0.4666667
-0.2336992;0.369243;-0.3424299;0.3764706;0.6941177;0.4666667
-0.2478795;0.3773876;-0.3319097;0.3764706;0.6941177;0.4666667
-0.2478795;0.3773876;-0.3319097;0.3764706;0.6941177;0.4666667
-0.2512918;0.3792787;-0.3292511;0.3764706;0.6941177;0.4666667
-0.2512918;0.3792787;-0.3292511;0.3764706;0.6941177;0.4666667
-0.2688673;0.3878072;-0.3152275;0.3764706;0.6941177;0.4666667
-0.2688673;0.3878072;-0.3152275;0.3764706;0.6941177;0.4666667
-0.2836061;0.3944734;-0.3009111;0.3764706;0.6941177;0.4666667
-0.2836061;0.3944734;-0.3009111;0.3764706;0.6941177;0.4666667
-0.292587;0.4028828;-0.2817137;0.3764706;0.6941177;0.4666667
-0.292587;0.4028828;-0.2817137;0.3764706;0.6941177;0.4666667
-0.2946212;0.4036881;-0.2791492;0.3764706;0.6941177;0.4666667
-0.2946212;0.4036881;-0.2791492;0.3764706;0.6941177;0.4666667
-0.3036165;0.4076434;-0.2656255;0.3764706;0.6941177;0.4666667
-0.3036165;0.4076434;-0.2656255;0.3764706;0.6941177;0.4666667
-0.3068875;0.4085172;-0.2613852;0.3764706;0.6941177;0.4666667
-0.3068875;0.4085172;-0.2613852;0.3764706;0.6941177;0.4666667
-0.3199422;0.4105624;-0.2447962;0.3764706;0.6941177;0.4666667
-0.3199422;0.4105624;-0.2447962;0.3764706;0.6941177;0.4666667
-0.332282;0.4112897;-0.227237;0.3764706;0.6941177;0.4666667
-0.332282;0.4112897;-0.227237;0.3764706;0.6941177;0.4666667
-0.3419583;0.4107085;-0.212104;0.3764706;0.6941177;0.4666667
-0.3419583;0.4107085;-0.212104;0.3764706;0.6941177;0.4666667
-0.34353;0.4105465;-0.2093036;0.3764706;0.6941177;0.4666667
-0.34353;0.4105465;-0.2093036;0.3764706;0.6941177;0.4666667
-0.363417;0.4067481;-0.1703719;0.3764706;0.6941177;0.4666667
-0.363417;0.4067481;-0.1703719;0.3764706;0.6941177;0.4666667
-0.3701633;0.4046514;-0.1514794;0.3764706;0.6941177;0.4666667
-0.3701633;0.4046514;-0.1514794;0.3764706;0.6941177;0.4666667
-0.3710925;0.4042506;-0.1495782;0.3764706;0.6941177;0.4666667
-0.3710925;0.4042506;-0.1495782;0.3764706;0.6941177;0.4666667
-0.3761274;0.4021841;-0.1319264;0.3764706;0.6941177;0.4666667
-0.3761274;0.4021841;-0.1319264;0.3764706;0.6941177;0.4666667
-0.3773274;0.4016195;-0.1273861;0.3764706;0.6941177;0.4666667
-0.3773274;0.4016195;-0.1273861;0.3764706;0.6941177;0.4666667
-0.3817599;0.3992403;-0.1118548;0.3764706;0.6941177;0.4666667
-0.3817599;0.3992403;-0.1118548;0.3764706;0.6941177;0.4666667
-0.3831228;0.3982909;-0.1048422;0.3764706;0.6941177;0.4666667
-0.3831228;0.3982909;-0.1048422;0.3764706;0.6941177;0.4666667
-0.3861948;0.3975653;-0.07748878;0.3764706;0.6941177;0.4666667
-0.3861948;0.3975653;-0.07748878;0.3764706;0.6941177;0.4666667
-0.3873075;0.3951177;-0.06267691;0.3764706;0.6941177;0.4666667
-0.3873075;0.3951177;-0.06267691;0.3764706;0.6941177;0.4666667
-0.3874742;0.3944196;-0.05791128;0.3764706;0.6941177;0.4666667
-0.3874742;0.3944196;-0.05791128;0.3764706;0.6941177;0.4666667
-0.3877684;0.3931976;-0.05262101;0.3764706;0.6941177;0.4666667
-0.3877684;0.3931976;-0.05262101;0.3764706;0.6941177;0.4666667
-0.3874024;0.3906603;-0.03448284;0.3764706;0.6941177;0.4666667
-0.3874024;0.3906603;-0.03448284;0.3764706;0.6941177;0.4666667
-0.3872405;0.3902797;-0.03058577;0.3764706;0.6941177;0.4666667
-0.3872405;0.3902797;-0.03058577;0.3764706;0.6941177;0.4666667
-0.3862673;0.3873759;-0.01374853;0.3764706;0.6941177;0.4666667
-0.3862673;0.3873759;-0.01374853;0.3764706;0.6941177;0.4666667
-0.3856237;0.3861431;-0.00645411;0.3764706;0.6941177;0.4666667
-0.3856237;0.3861431;-0.00645411;0.3764706;0.6941177;0.4666667
-0.3834752;0.381083;0.01736355;0.3764706;0.6941177;0.4666667
-0.3834752;0.381083;0.01736355;0.3764706;0.6941177;0.4666667
-0.3803977;0.3766991;0.03782821;0.3764706;0.6941177;0.4666667
-0.3803977;0.3766991;0.03782821;0.3764706;0.6941177;0.4666667
-0.3794087;0.3756425;0.04270625;0.3764706;0.6941177;0.4666667
-0.3794087;0.3756425;0.04270625;0.3764706;0.6941177;0.4666667
-0.3749217;0.3717209;0.06008875;0.3764706;0.6941177;0.4666667
-0.3749217;0.3717209;0.06008875;0.3764706;0.6941177;0.4666667
-0.3735984;0.3698672;0.06523824;0.3764706;0.6941177;0.4666667
-0.3735984;0.3698672;0.06523824;0.3764706;0.6941177;0.4666667
-0.3684976;0.3661769;0.07958484;0.3764706;0.6941177;0.4666667
-0.3684976;0.3661769;0.07958484;0.3764706;0.6941177;0.4666667
-0.3654174;0.3643742;0.08765268;0.3764706;0.6941177;0.4666667
-0.3654174;0.3643742;0.08765268;0.3764706;0.6941177;0.4666667
-0.3563546;0.3588392;0.1100527;0.3764706;0.6941177;0.4666667
-0.3563546;0.3588392;0.1100527;0.3764706;0.6941177;0.4666667
-0.3467876;0.3545139;0.1283555;0.3764706;0.6941177;0.4666667
-0.3467876;0.3545139;0.1283555;0.3764706;0.6941177;0.4666667
-0.3447499;0.3537278;0.1315906;0.3764706;0.6941177;0.4666667
-0.3447499;0.3537278;0.1315906;0.3764706;0.6941177;0.4666667
-0.3331364;0.3500743;0.1478038;0.3764706;0.6941177;0.4666667
-0.3331364;0.3500743;0.1478038;0.3764706;0.6941177;0.4666667
-0.3296812;0.3495511;0.1523161;0.3764706;0.6941177;0.4666667
-0.3296812;0.3495511;0.1523161;0.3764706;0.6941177;0.4666667
-0.3116992;0.3456146;0.1752033;0.3764706;0.6941177;0.4666667
-0.3116992;0.3456146;0.1752033;0.3764706;0.6941177;0.4666667
-0.2999513;0.3424543;0.1892421;0.3764706;0.6941177;0.4666667
-0.2999513;0.3424543;0.1892421;0.3764706;0.6941177;0.4666667
-0.2966306;0.3415135;0.193351;0.3764706;0.6941177;0.4666667
-0.2966306;0.3415135;0.193351;0.3764706;0.6941177;0.4666667
-0.2833389;0.3373524;0.209318;0.3764706;0.6941177;0.4666667
-0.2833389;0.3373524;0.209318;0.3764706;0.6941177;0.4666667
-0.2797382;0.336305;0.2133287;0.3764706;0.6941177;0.4666667
-0.2797382;0.336305;0.2133287;0.3764706;0.6941177;0.4666667
-0.2654636;0.3318465;0.2280958;0.3764706;0.6941177;0.4666667
-0.2654636;0.3318465;0.2280958;0.3764706;0.6941177;0.4666667
-0.2617716;0.3305935;0.2317532;0.3764706;0.6941177;0.4666667
-0.2617716;0.3305935;0.2317532;0.3764706;0.6941177;0.4666667
-0.2483856;0.3266316;0.2441417;0.3764706;0.6941177;0.4666667
-0.2483856;0.3266316;0.2441417;0.3764706;0.6941177;0.4666667
-0.2424739;0.3248611;0.2494913;0.3764706;0.6941177;0.4666667
-0.2424739;0.3248611;0.2494913;0.3764706;0.6941177;0.4666667
-0.2246923;0.3228924;0.2654065;0.3764706;0.6941177;0.4666667
-0.2246923;0.3228924;0.2654065;0.3764706;0.6941177;0.4666667
-0.2197837;0.3211204;0.2695787;0.3764706;0.6941177;0.4666667
-0.2197837;0.3211204;0.2695787;0.3764706;0.6941177;0.4666667
-0.20388;0.3156603;0.2833905;0.3764706;0.6941177;0.4666667
-0.20388;0.3156603;0.2833905;0.3764706;0.6941177;0.4666667
-0.1996574;0.3141977;0.2865161;0.3764706;0.6941177;0.4666667
-0.1996574;0.3141977;0.2865161;0.3764706;0.6941177;0.4666667
-0.1836736;0.3088587;0.2985319;0.3764706;0.6941177;0.4666667
-0.1836736;0.3088587;0.2985319;0.3764706;0.6941177;0.4666667
-0.178589;0.3068027;0.302317;0.3764706;0.6941177;0.4666667
-0.178589;0.3068027;0.302317;0.3764706;0.6941177;0.4666667
-0.1656531;0.3008692;0.3118579;0.3764706;0.6941177;0.4666667
-0.1656531;0.3008692;0.3118579;0.3764706;0.6941177;0.4666667
-0.1586864;0.2975574;0.3168937;0.3764706;0.6941177;0.4666667
-0.1586864;0.2975574;0.3168937;0.3764706;0.6941177;0.4666667
-0.1469649;0.2900535;0.325716;0.3764706;0.6941177;0.4666667
-0.1469649;0.2900535;0.325716;0.3764706;0.6941177;0.4666667
-0.1258623;0.2763292;0.340013;0.3764706;0.6941177;0.4666667
-0.1258623;0.2763292;0.340013;0.3764706;0.6941177;0.4666667
-0.1209606;0.2735824;0.3429905;0.3764706;0.6941177;0.4666667
-0.1209606;0.2735824;0.3429905;0.3764706;0.6941177;0.4666667
-0.1094356;0.2666594;0.3495874;0.3764706;0.6941177;0.4666667
-0.1094356;0.2666594;0.3495874;0.3764706;0.6941177;0.4666667
-0.1028291;0.2621392;0.3531281;0.3764706;0.6941177;0.4666667
-0.1028291;0.2621392;0.3531281;0.3764706;0.6941177;0.4666667
-0.09185328;0.2538995;0.3583816;0.3764706;0.6941177;0.4666667
-0.09185328;0.2538995;0.3583816;0.3764706;0.6941177;0.4666667
-0.08452036;0.2484824;0.3618028;0.3764706;0.6941177;0.4666667
-0.08452036;0.2484824;0.3618028;0.3764706;0.6941177;0.4666667
-0.07042328;0.2373716;0.3681098;0.3764706;0.6941177;0.4666667
-0.07042328;0.2373716;0.3681098;0.3764706;0.6941177;0.4666667
-0.06683615;0.234674;0.3696586;0.3764706;0.6941177;0.4666667
-0.06683615;0.234674;0.3696586;0.3764706;0.6941177;0.4666667
-0.05239866;0.2240224;0.3753064;0.3764706;0.6941177;0.4666667
-0.05239866;0.2240224;0.3753064;0.3764706;0.6941177;0.4666667
-0.04875462;0.2212112;0.3764952;0.3764706;0.6941177;0.4666667
-0.04875462;0.2212112;0.3764952;0.3764706;0.6941177;0.4666667
-0.0367581;0.2116614;0.3797197;0.3764706;0.6941177;0.4666667
-0.0367581;0.2116614;0.3797197;0.3764706;0.6941177;0.4666667
-0.03392745;0.2093689;0.380389;0.3764706;0.6941177;0.4666667
-0.03392745;0.2093689;0.380389;0.3764706;0.6941177;0.4666667
-0.01604013;0.2021577;0.3847866;0.3764706;0.6941177;0.4666667
-0.01604013;0.2021577;0.3847866;0.3764706;0.6941177;0.4666667
-0.01122395;0.1980421;0.3854181;0.3764706;0.6941177;0.4666667
-0.01122395;0.1980421;0.3854181;0.3764706;0.6941177;0.4666667
0.007953707;0.1802035;0.3869774;0.3764706;0.6941177;0.4666667
0.007953707;0.1802035;0.3869774;0.3764706;0.6941177;0.4666667
0.02725573;0.1612013;0.3868742;0.3764706;0.6941177;0.4666667
0.02725573;0.1612013;0.3868742;0.3764706;0.6941177;0.4666667
0.04449879;0.1439553;0.3848227;0.3764706;0.6941177;0.4666667
0.04449879;0.1439553;0.3848227;0.3764706;0.6941177;0.4666667
0.04753871;0.1407409;0.3843167;0.3764706;0.6941177;0.4666667
0.04753871;0.1407409;0.3843167;0.3764706;0.6941177;0.4666667
0.06247285;0.1250639;0.3808452;0.3764706;0.6941177;0.4666667
0.06247285;0.1250639;0.3808452;0.3764706;0.6941177;0.4666667
0.0699846;0.1169291;0.3787131;0.3764706;0.6941177;0.4666667
0.0699846;0.1169291;0.3787131;0.3764706;0.6941177;0.4666667
0.09023858;0.09388359;0.3721502;0.3764706;0.6941177;0.4666667
0.09023858;0.09388359;0.3721502;0.3764706;0.6941177;0.4666667
0.1109357;0.06883669;0.3641965;0.3764706;0.6941177;0.4666667
0.1109357;0.06883669;0.3641965;0.3764706;0.6941177;0.4666667
0.1290648;0.04793132;0.356377;0.3764706;0.6941177;0.4666667
0.1290648;0.04793132;0.356377;0.3764706;0.6941177;0.4666667
0.1323245;0.04427062;0.3549418;0.3764706;0.6941177;0.4666667
0.1323245;0.04427062;0.3549418;0.3764706;0.6941177;0.4666667
0.1495837;0.02602688;0.3468859;0.3764706;0.6941177;0.4666667
0.1495837;0.02602688;0.3468859;0.3764706;0.6941177;0.4666667
0.156546;0.0185457;0.3434227;0.3764706;0.6941177;0.4666667
0.156546;0.0185457;0.3434227;0.3764706;0.6941177;0.4666667
0.1750915;-0.0002618097;0.334059;0.3764706;0.6941177;0.4666667
0.1750915;-0.0002618097;0.334059;0.3764706;0.6941177;0.4666667
0.1940553;-0.02516861;0.3212548;0.3764706;0.6941177;0.4666667
0.1940553;-0.02516861;0.3212548;0.3764706;0.6941177;0.4666667
0.1950205;-0.0264564;0.3205522;0.3764706;0.6941177;0.4666667
0.1950205;-0.0264564;0.3205522;0.3764706;0.6941177;0.4666667
0.2120878;-0.04790924;0.3078926;0.3764706;0.6941177;0.4666667
0.2120878;-0.04790924;0.3078926;0.3764706;0.6941177;0.4666667
0.2161499;-0.0527896;0.3048035;0.3764706;0.6941177;0.4666667
0.2161499;-0.0527896;0.3048035;0.3764706;0.6941177;0.4666667
0.231007;-0.06503428;0.2945598;0.3764706;0.6941177;0.4666667
0.231007;-0.06503428;0.2945598;0.3764706;0.6941177;0.4666667
0.2369099;-0.07171582;0.2895243;0.3764706;0.6941177;0.4666667
0.2369099;-0.07171582;0.2895243;0.3764706;0.6941177;0.4666667
0.2566363;-0.09322405;0.2716837;0.3764706;0.6941177;0.4666667
0.2566363;-0.09322405;0.2716837;0.3764706;0.6941177;0.4666667
0.2731508;-0.1137107;0.2547877;0.3764706;0.6941177;0.4666667
0.2731508;-0.1137107;0.2547877;0.3764706;0.6941177;0.4666667
0.276028;-0.117467;0.2516279;0.3764706;0.6941177;0.4666667
0.276028;-0.117467;0.2516279;0.3764706;0.6941177;0.4666667
0.2910838;-0.1387523;0.2335584;0.3764706;0.6941177;0.4666667
0.2910838;-0.1387523;0.2335584;0.3764706;0.6941177;0.4666667
0.2934416;-0.1423539;0.23031;0.3764706;0.6941177;0.4666667
0.2934416;-0.1423539;0.23031;0.3764706;0.6941177;0.4666667
0.3041894;-0.1591075;0.2149035;0.3764706;0.6941177;0.4666667
0.3041894;-0.1591075;0.2149035;0.3764706;0.6941177;0.4666667
0.3085034;-0.165649;0.2082074;0.3764706;0.6941177;0.4666667
0.3085034;-0.165649;0.2082074;0.3764706;0.6941177;0.4666667
0.3214851;-0.1865347;0.1849449;0.3764706;0.6941177;0.4666667
0.3214851;-0.1865347;0.1849449;0.3764706;0.6941177;0.4666667
0.3298441;-0.2020023;0.1646825;0.3764706;0.6941177;0.4666667
0.3298441;-0.2020023;0.1646825;0.3764706;0.6941177;0.4666667
0.3310854;-0.2043417;0.1611023;0.3764706;0.6941177;0.4666667
0.3310854;-0.2043417;0.1611023;0.3764706;0.6941177;0.4666667
0.3444265;-0.2260633;0.1196538;0.3764706;0.6941177;0.4666667
0.3444265;-0.2260633;0.1196538;0.3764706;0.6941177;0.4666667
0.3462793;-0.2289906;0.1134268;0.3764706;0.6941177;0.4666667
0.3462793;-0.2289906;0.1134268;0.3764706;0.6941177;0.4666667
0.3538316;-0.2405448;0.0861752;0.3764706;0.6941177;0.4666667
0.3538316;-0.2405448;0.0861752;0.3764706;0.6941177;0.4666667
0.3570273;-0.2453808;0.06647396;0.3764706;0.6941177;0.4666667
0.3570273;-0.2453808;0.06647396;0.3764706;0.6941177;0.4666667
0.3574098;-0.2459557;0.06157374;0.3764706;0.6941177;0.4666667
0.3574098;-0.2459557;0.06157374;0.3764706;0.6941177;0.4666667
0.3576224;-0.2465939;0.04174566;0.3764706;0.6941177;0.4666667
0.3576224;-0.2465939;0.04174566;0.3764706;0.6941177;0.4666667
0.3574118;-0.2466196;0.03561389;0.3764706;0.6941177;0.4666667
0.3574118;-0.2466196;0.03561389;0.3764706;0.6941177;0.4666667
0.3566768;-0.2468218;0.01931083;0.3764706;0.6941177;0.4666667
0.3566768;-0.2468218;0.01931083;0.3764706;0.6941177;0.4666667
0.3562116;-0.2470408;0.01184416;0.3764706;0.6941177;0.4666667
0.3562116;-0.2470408;0.01184416;0.3764706;0.6941177;0.4666667
0.3545215;-0.2472608;-0.007877588;0.3764706;0.6941177;0.4666667
0.3545215;-0.2472608;-0.007877588;0.3764706;0.6941177;0.4666667
0.3541017;-0.2473856;-0.01293409;0.3764706;0.6941177;0.4666667
0.3541017;-0.2473856;-0.01293409;0.3764706;0.6941177;0.4666667
0.3525487;-0.2465195;-0.03201282;0.3764706;0.6941177;0.4666667
0.3525487;-0.2465195;-0.03201282;0.3764706;0.6941177;0.4666667
0.3521025;-0.2460768;-0.03674972;0.3764706;0.6941177;0.4666667
0.3521025;-0.2460768;-0.03674972;0.3764706;0.6941177;0.4666667
0.3499672;-0.242841;-0.05528474;0.3764706;0.6941177;0.4666667
0.3499672;-0.242841;-0.05528474;0.3764706;0.6941177;0.4666667
0.3494266;-0.2421482;-0.05990195;0.3764706;0.6941177;0.4666667
0.3494266;-0.2421482;-0.05990195;0.3764706;0.6941177;0.4666667
0.3477638;-0.2378469;-0.07510352;0.3764706;0.6941177;0.4666667
0.3477638;-0.2378469;-0.07510352;0.3764706;0.6941177;0.4666667
0.3470068;-0.235961;-0.08164489;0.3764706;0.6941177;0.4666667
0.3470068;-0.235961;-0.08164489;0.3764706;0.6941177;0.4666667
0.3439613;-0.2303726;-0.1029413;0.3764706;0.6941177;0.4666667
0.3439613;-0.2303726;-0.1029413;0.3764706;0.6941177;0.4666667
0.3411991;-0.2268546;-0.116235;0.3764706;0.6941177;0.4666667
0.3411991;-0.2268546;-0.116235;0.3764706;0.6941177;0.4666667
0.3391712;-0.2245134;-0.1230043;0.3764706;0.6941177;0.4666667
0.3391712;-0.2245134;-0.1230043;0.3764706;0.6941177;0.4666667
0.3336206;-0.2184362;-0.1372857;0.3764706;0.6941177;0.4666667
0.3336206;-0.2184362;-0.1372857;0.3764706;0.6941177;0.4666667
0.3321707;-0.21671;-0.1405369;0.3764706;0.6941177;0.4666667
0.3321707;-0.21671;-0.1405369;0.3764706;0.6941177;0.4666667
0.3262131;-0.20739;-0.1494135;0.3764706;0.6941177;0.4666667
0.3262131;-0.20739;-0.1494135;0.3764706;0.6941177;0.4666667
0.3240159;-0.2042811;-0.1546351;0.3764706;0.6941177;0.4666667
0.3240159;-0.2042811;-0.1546351;0.3764706;0.6941177;0.4666667
0.3180709;-0.1958029;-0.1689668;0.3764706;0.6941177;0.4666667
0.3180709;-0.1958029;-0.1689668;0.3764706;0.6941177;0.4666667
0.3142631;-0.1863382;-0.1778399;0.3764706;0.6941177;0.4666667
0.3142631;-0.1863382;-0.1778399;0.3764706;0.6941177;0.4666667
0.313376;-0.18436;-0.1801907;0.3764706;0.6941177;0.4666667
0.313376;-0.18436;-0.1801907;0.3764706;0.6941177;0.4666667
0.310942;-0.1792915;-0.1883532;0.3764706;0.6941177;0.4666667
0.310942;-0.1792915;-0.1883532;0.3764706;0.6941177;0.4666667
0.310056;-0.1767179;-0.192687;0.3764706;0.6941177;0.4666667
0.310056;-0.1767179;-0.192687;0.3764706;0.6941177;0.4666667
0.3088293;-0.170721;-0.19899;0.3764706;0.6941177;0.4666667
0.3088293;-0.170721;-0.19899;0.3764706;0.6941177;0.4666667
0.3079498;-0.1666853;-0.2029194;0.3764706;0.6941177;0.4666667
0.3079498;-0.1666853;-0.2029194;0.3764706;0.6941177;0.4666667
0.3060073;-0.1588553;-0.2103304;0.3764706;0.6941177;0.4666667
0.3060073;-0.1588553;-0.2103304;0.3764706;0.6941177;0.4666667
0.3022422;-0.1496682;-0.2185537;0.3764706;0.6941177;0.4666667
0.3022422;-0.1496682;-0.2185537;0.3764706;0.6941177;0.4666667
0.3012128;-0.1479632;-0.2201645;0.3764706;0.6941177;0.4666667
0.3012128;-0.1479632;-0.2201645;0.3764706;0.6941177;0.4666667
0.2969213;-0.1409233;-0.2234876;0.3764706;0.6941177;0.4666667
0.2969213;-0.1409233;-0.2234876;0.3764706;0.6941177;0.4666667
0.2944192;-0.1378361;-0.225569;0.3764706;0.6941177;0.4666667
0.2944192;-0.1378361;-0.225569;0.3764706;0.6941177;0.4666667
0.2900516;-0.1322342;-0.227585;0.3764706;0.6941177;0.4666667
0.2900516;-0.1322342;-0.227585;0.3764706;0.6941177;0.4666667
0.2866018;-0.1272255;-0.228341;0.3764706;0.6941177;0.4666667
0.2866018;-0.1272255;-0.228341;0.3764706;0.6941177;0.4666667
0.2810466;-0.1172716;-0.229288;0.3764706;0.6941177;0.4666667
-0.1894295;0.2989199;-0.2372899;0.3764706;0.6941177;0.4666667
-0.1925088;0.2997347;-0.2391579;0.3764706;0.6941177;0.4666667
-0.1925088;0.2997347;-0.2391579;0.3764706;0.6941177;0.4666667
-0.193379;0.3002474;-0.2394847;0.3764706;0.6941177;0.4666667
-0.193379;0.3002474;-0.2394847;0.3764706;0.6941177;0.4666667
-0.197413;0.3048751;-0.2386512;0.3764706;0.6941177;0.4666667
-0.197413;0.3048751;-0.2386512;0.3764706;0.6941177;0.4666667
-0.2004168;0.3104255;-0.2359148;0.3764706;0.6941177;0.4666667
-0.2004168;0.3104255;-0.2359148;0.3764706;0.6941177;0.4666667
-0.2009177;0.3115956;-0.2351035;0.3764706;0.6941177;0.4666667
-0.2009177;0.3115956;-0.2351035;0.3764706;0.6941177;0.4666667
-0.2028361;0.3180789;-0.2294587;0.3764706;0.6941177;0.4666667
-0.2028361;0.3180789;-0.2294587;0.3764706;0.6941177;0.4666667
-0.2031716;0.320136;-0.2273197;0.3764706;0.6941177;0.4666667
-0.2031716;0.320136;-0.2273197;0.3764706;0.6941177;0.4666667
-0.2034285;0.3283643;-0.2157431;0.3764706;0.6941177;0.4666667
-0.2034285;0.3283643;-0.2157431;0.3764706;0.6941177;0.4666667
-0.2026713;0.3351942;-0.2013193;0.3764706;0.6941177;0.4666667
-0.2026713;0.3351942;-0.2013193;0.3764706;0.6941177;0.4666667
-0.2015001;0.3384375;-0.188642;0.3764706;0.6941177;0.4666667
-0.2015001;0.3384375;-0.188642;0.3764706;0.6941177;0.4666667
-0.2012515;0.3386772;-0.1866388;0.3764706;0.6941177;0.4666667
-0.2012515;0.3386772;-0.1866388;0.3764706;0.6941177;0.4666667
-0.1958086;0.3311903;-0.1708108;0.3764706;0.6941177;0.4666667
-0.1958086;0.3311903;-0.1708108;0.3764706;0.6941177;0.4666667
-0.1940691;0.3261039;-0.1707954;0.3764706;0.6941177;0.4666667
-0.1940691;0.3261039;-0.1707954;0.3764706;0.6941177;0.4666667
-0.1935844;0.3250157;-0.1711196;0.3764706;0.6941177;0.4666667
-0.1935844;0.3250157;-0.1711196;0.3764706;0.6941177;0.4666667
-0.1902215;0.3210196;-0.1745592;0.3764706;0.6941177;0.4666667
-0.1902215;0.3210196;-0.1745592;0.3764706;0.6941177;0.4666667
-0.1891087;0.3201658;-0.1759046;0.3764706;0.6941177;0.4666667
-0.1891087;0.3201658;-0.1759046;0.3764706;0.6941177;0.4666667
-0.1845623;0.3180822;-0.1816792;0.3764706;0.6941177;0.4666667
-0.1845623;0.3180822;-0.1816792;0.3764706;0.6941177;0.4666667
-0.1824788;0.3172386;-0.1848263;0.3764706;0.6941177;0.4666667
-0.1824788;0.3172386;-0.1848263;0.3764706;0.6941177;0.4666667
-0.1760162;0.3157106;-0.1963773;0.3764706;0.6941177;0.4666667
-0.1760162;0.3157106;-0.1963773;0.3764706;0.6941177;0.4666667
-0.1725275;0.3164392;-0.2048885;0.3764706;0.6941177;0.4666667
-0.1725275;0.3164392;-0.2048885;0.3764706;0.6941177;0.4666667
-0.1719727;0.3169776;-0.2067715;0.3764706;0.6941177;0.4666667
-0.1719727;0.3169776;-0.2067715;0.3764706;0.6941177;0.4666667
-0.1708383;0.3212158;-0.2120227;0.3764706;0.6941177;0.4666667
-0.1708383;0.3212158;-0.2120227;0.3764706;0.6941177;0.4666667
-0.1708428;0.3227317;-0.2127935;0.3764706;0.6941177;0.4666667
-0.1708428;0.3227317;-0.2127935;0.3764706;0.6941177;0.4666667
-0.1718288;0.3298565;-0.2137624;0.3764706;0.6941177;0.4666667
-0.1718288;0.3298565;-0.2137624;0.3764706;0.6941177;0.4666667
-0.1722753;0.3315709;-0.2137362;0.3764706;0.6941177;0.4666667
-0.1722753;0.3315709;-0.2137362;0.3764706;0.6941177;0.4666667
-0.1765187;0.3440033;-0.2036306;0.3764706;0.6941177;0.4666667
-0.1765187;0.3440033;-0.2036306;0.3764706;0.6941177;0.4666667
-0.180208;0.3502842;-0.197665;0.3764706;0.6941177;0.4666667
-0.180208;0.3502842;-0.197665;0.3764706;0.6941177;0.4666667
-0.18123;0.3513446;-0.1963007;0.3764706;0.6941177;0.4666667
-0.18123;0.3513446;-0.1963007;0.3764706;0.6941177;0.4666667
-0.1854744;0.3544311;-0.1890769;0.3764706;0.6941177;0.4666667
-0.1854744;0.3544311;-0.1890769;0.3764706;0.6941177;0.4666667
-0.1864923;0.3549762;-0.1868703;0.3764706;0.6941177;0.4666667
-0.1864923;0.3549762;-0.1868703;0.3764706;0.6941177;0.4666667
-0.1903619;0.3563315;-0.1763182;0.3764706;0.6941177;0.4666667
-0.1903619;0.3563315;-0.1763182;0.3764706;0.6941177;0.4666667
-0.1920047;0.355753;-0.1732618;0.3764706;0.6941177;0.4666667
-0.1920047;0.355753;-0.1732618;0.3764706;0.6941177;0.4666667
-0.1957843;0.350075;-0.1626586;0.3764706;0.6941177;0.4666667
-0.1957843;0.350075;-0.1626586;0.3764706;0.6941177;0.4666667
-0.1966615;0.34307;-0.1556834;0.3764706;0.6941177;0.4666667
-0.1966615;0.34307;-0.1556834;0.3764706;0.6941177;0.4666667
-0.1967822;0.3408694;-0.1542327;0.3764706;0.6941177;0.4666667
-0.1967822;0.3408694;-0.1542327;0.3764706;0.6941177;0.4666667
-0.1964802;0.331088;-0.1514513;0.3764706;0.6941177;0.4666667
-0.1964802;0.331088;-0.1514513;0.3764706;0.6941177;0.4666667
-0.1960785;0.3286965;-0.1509988;0.3764706;0.6941177;0.4666667
-0.1960785;0.3286965;-0.1509988;0.3764706;0.6941177;0.4666667
-0.1942693;0.3201741;-0.1523429;0.3764706;0.6941177;0.4666667
-0.1942693;0.3201741;-0.1523429;0.3764706;0.6941177;0.4666667
-0.1937251;0.3164172;-0.1543117;0.3764706;0.6941177;0.4666667
-0.1937251;0.3164172;-0.1543117;0.3764706;0.6941177;0.4666667
-0.1902537;0.3063217;-0.1623164;0.3764706;0.6941177;0.4666667
-0.1902537;0.3063217;-0.1623164;0.3764706;0.6941177;0.4666667
-0.186474;0.3001654;-0.1720432;0.3764706;0.6941177;0.4666667
-0.186474;0.3001654;-0.1720432;0.3764706;0.6941177;0.4666667
-0.1856448;0.2988161;-0.1752898;0.3764706;0.6941177;0.4666667
-0.1856448;0.2988161;-0.1752898;0.3764706;0.6941177;0.4666667
-0.1823975;0.2988741;-0.1821232;0.3764706;0.6941177;0.4666667
-0.1823975;0.2988741;-0.1821232;0.3764706;0.6941177;0.4666667
-0.1808483;0.2995321;-0.1854193;0.3764706;0.6941177;0.4666667
-0.1808483;0.2995321;-0.1854193;0.3764706;0.6941177;0.4666667
-0.1785103;0.3025167;-0.1925626;0.3764706;0.6941177;0.4666667
-0.1785103;0.3025167;-0.1925626;0.3764706;0.6941177;0.4666667
-0.1765702;0.3056415;-0.1940762;0.3764706;0.6941177;0.4666667
-0.1765702;0.3056415;-0.1940762;0.3764706;0.6941177;0.4666667
-0.175024;0.3151133;-0.1997924;0.3764706;0.6941177;0.4666667
-0.175024;0.3151133;-0.1997924;0.3764706;0.6941177;0.4666667
-0.1757742;0.3224717;-0.2027524;0.3764706;0.6941177;0.4666667
-0.1757742;0.3224717;-0.2027524;0.3764706;0.6941177;0.4666667
-0.1762475;0.3246837;-0.2026907;0.3764706;0.6941177;0.4666667
-0.1762475;0.3246837;-0.2026907;0.3764706;0.6941177;0.4666667
-0.1787598;0.3314393;-0.2019099;0.3764706;0.6941177;0.4666667
-0.1787598;0.3314393;-0.2019099;0.3764706;0.6941177;0.4666667
-0.179698;0.3341125;-0.201129;0.3764706;0.6941177;0.4666667
-0.179698;0.3341125;-0.201129;0.3764706;0.6941177;0.4666667
-0.1819534;0.3386556;-0.1993831;0.3764706;0.6941177;0.4666667
-0.1819534;0.3386556;-0.1993831;0.3764706;0.6941177;0.4666667
-0.1830255;0.3401755;-0.1982603;0.3764706;0.6941177;0.4666667
-0.1830255;0.3401755;-0.1982603;0.3764706;0.6941177;0.4666667
-0.1848786;0.3406581;-0.1967682;0.3764706;0.6941177;0.4666667
-0.1848786;0.3406581;-0.1967682;0.3764706;0.6941177;0.4666667
-0.1853147;0.3377303;-0.1930138;0.3764706;0.6941177;0.4666667
-0.1115661;0.2954489;0.1645383;0.3764706;0.6941177;0.4666667
-0.1110791;0.2965003;0.1642574;0.3764706;0.6941177;0.4666667
-0.1110791;0.2965003;0.1642574;0.3764706;0.6941177;0.4666667
-0.1084519;0.3032387;0.1628705;0.3764706;0.6941177;0.4666667
-0.1084519;0.3032387;0.1628705;0.3764706;0.6941177;0.4666667
-0.10817;0.3046311;0.1628251;0.3764706;0.6941177;0.4666667
-0.10817;0.3046311;0.1628251;0.3764706;0.6941177;0.4666667
-0.1080246;0.3108656;0.1628008;0.3764706;0.6941177;0.4666667
-0.1080246;0.3108656;0.1628008;0.3764706;0.6941177;0.4666667
-0.1083314;0.3135453;0.1626562;0.3764706;0.6941177;0.4666667
-0.1083314;0.3135453;0.1626562;0.3764706;0.6941177;0.4666667
-0.1091117;0.3247067;0.1653453;0.3764706;0.6941177;0.4666667
-0.1091117;0.3247067;0.1653453;0.3764706;0.6941177;0.4666667
-0.1064992;0.3440006;0.1743896;0.3764706;0.6941177;0.4666667
-0.1064992;0.3440006;0.1743896;0.3764706;0.6941177;0.4666667
-0.1055901;0.3469107;0.1781031;0.3764706;0.6941177;0.4666667
-0.1055901;0.3469107;0.1781031;0.3764706;0.6941177;0.4666667
-0.1052527;0.347853;0.1805313;0.3764706;0.6941177;0.4666667
-0.1052527;0.347853;0.1805313;0.3764706;0.6941177;0.4666667
-0.1058239;0.3465493;0.1854025;0.3764706;0.6941177;0.4666667
-0.1058239;0.3465493;0.1854025;0.3764706;0.6941177;0.4666667
-0.1059173;0.3460288;0.1870365;0.3764706;0.6941177;0.4666667
-0.1059173;0.3460288;0.1870365;0.3764706;0.6941177;0.4666667
-0.1066617;0.3407831;0.1915259;0.3764706;0.6941177;0.4666667
-0.1066617;0.3407831;0.1915259;0.3764706;0.6941177;0.4666667
-0.1064295;0.3392684;0.1926255;0.3764706;0.6941177;0.4666667
-0.1064295;0.3392684;0.1926255;0.3764706;0.6941177;0.4666667
-0.1047774;0.3312384;0.1946292;0.3764706;0.6941177;0.4666667
-0.1047774;0.3312384;0.1946292;0.3764706;0.6941177;0.4666667
-0.1042273;0.3287825;0.1946888;0.3764706;0.6941177;0.4666667
-0.1042273;0.3287825;0.1946888;0.3764706;0.6941177;0.4666667
-0.1027718;0.3194472;0.1931388;0.3764706;0.6941177;0.4666667
-0.1027718;0.3194472;0.1931388;0.3764706;0.6941177;0.4666667
-0.1019801;0.3138902;0.1914834;0.3764706;0.6941177;0.4666667
-0.1019801;0.3138902;0.1914834;0.3764706;0.6941177;0.4666667
-0.1008172;0.2973753;0.1833153;0.3764706;0.6941177;0.4666667
-0.1008172;0.2973753;0.1833153;0.3764706;0.6941177;0.4666667
-0.0997377;0.2855719;0.1735735;0.3764706;0.6941177;0.4666667
-0.0997377;0.2855719;0.1735735;0.3764706;0.6941177;0.4666667
-0.09923141;0.282119;0.1698202;0.3764706;0.6941177;0.4666667
-0.09923141;0.282119;0.1698202;0.3764706;0.6941177;0.4666667
-0.09746595;0.2749461;0.1589701;0.3764706;0.6941177;0.4666667
-0.09746595;0.2749461;0.1589701;0.3764706;0.6941177;0.4666667
-0.09664625;0.2717788;0.1526785;0.3764706;0.6941177;0.4666667
-0.09664625;0.2717788;0.1526785;0.3764706;0.6941177;0.4666667
-0.09564544;0.2686773;0.1422234;0.3764706;0.6941177;0.4666667
-0.09564544;0.2686773;0.1422234;0.3764706;0.6941177;0.4666667
-0.09239209;0.2733684;0.138939;0.3764706;0.6941177;0.4666667
-0.09239209;0.2733684;0.138939;0.3764706;0.6941177;0.4666667
-0.09281635;0.2763412;0.1283492;0.3764706;0.6941177;0.4666667
-0.09281635;0.2763412;0.1283492;0.3764706;0.6941177;0.4666667
-0.09335731;0.2775821;0.1261233;0.3764706;0.6941177;0.4666667
-0.09335731;0.2775821;0.1261233;0.3764706;0.6941177;0.4666667
-0.09703636;0.2826881;0.1192847;0.3764706;0.6941177;0.4666667
-0.09703636;0.2826881;0.1192847;0.3764706;0.6941177;0.4666667
-0.09824089;0.2843162;0.118099;0.3764706;0.6941177;0.4666667
-0.09824089;0.2843162;0.118099;0.3764706;0.6941177;0.4666667
-0.1031286;0.2900244;0.1159769;0.3764706;0.6941177;0.4666667
-0.1031286;0.2900244;0.1159769;0.3764706;0.6941177;0.4666667
-0.1038324;0.2909171;0.1158743;0.3764706;0.6941177;0.4666667
-0.1038324;0.2909171;0.1158743;0.3764706;0.6941177;0.4666667
-0.1090515;0.2976695;0.1175506;0.3764706;0.6941177;0.4666667
-0.1090515;0.2976695;0.1175506;0.3764706;0.6941177;0.4666667
-0.1119978;0.3018677;0.1204181;0.3764706;0.6941177;0.4666667
-0.1119978;0.3018677;0.1204181;0.3764706;0.6941177;0.4666667
-0.1154541;0.3074818;0.1261469;0.3764706;0.6941177;0.4666667
-0.1154541;0.3074818;0.1261469;0.3764706;0.6941177;0.4666667
-0.1164547;0.3092698;0.1284488;0.3764706;0.6941177;0.4666667
-0.1164547;0.3092698;0.1284488;0.3764706;0.6941177;0.4666667
-0.1173654;0.3109667;0.130919;0.3764706;0.6941177;0.4666667
-0.1173654;0.3109667;0.130919;0.3764706;0.6941177;0.4666667
-0.1198423;0.3159323;0.141596;0.3764706;0.6941177;0.4666667
-0.1198423;0.3159323;0.141596;0.3764706;0.6941177;0.4666667
-0.1202103;0.3167202;0.1444192;0.3764706;0.6941177;0.4666667
-0.1202103;0.3167202;0.1444192;0.3764706;0.6941177;0.4666667
-0.121295;0.321547;0.1573412;0.3764706;0.6941177;0.4666667
-0.121295;0.321547;0.1573412;0.3764706;0.6941177;0.4666667
-0.1209865;0.3214002;0.1620245;0.3764706;0.6941177;0.4666667
-0.1209865;0.3214002;0.1620245;0.3764706;0.6941177;0.4666667
-0.1206236;0.3187048;0.1693077;0.3764706;0.6941177;0.4666667
-0.1206236;0.3187048;0.1693077;0.3764706;0.6941177;0.4666667
-0.1204449;0.3154166;0.1728753;0.3764706;0.6941177;0.4666667
-0.1204449;0.3154166;0.1728753;0.3764706;0.6941177;0.4666667
-0.1189481;0.3062139;0.1764457;0.3764706;0.6941177;0.4666667
-0.1189481;0.3062139;0.1764457;0.3764706;0.6941177;0.4666667
-0.1161076;0.2917926;0.1718937;0.3764706;0.6941177;0.4666667
-0.1161076;0.2917926;0.1718937;0.3764706;0.6941177;0.4666667
-0.113493;0.2821035;0.162998;0.3764706;0.6941177;0.4666667
-0.113493;0.2821035;0.162998;0.3764706;0.6941177;0.4666667
-0.113151;0.2805631;0.1609967;0.3764706;0.6941177;0.4666667
-0.113151;0.2805631;0.1609967;0.3764706;0.6941177;0.4666667
-0.111909;0.274975;0.1504291;0.3764706;0.6941177;0.4666667
-0.111909;0.274975;0.1504291;0.3764706;0.6941177;0.4666667
-0.1115253;0.2741992;0.1470044;0.3764706;0.6941177;0.4666667
-0.1115253;0.2741992;0.1470044;0.3764706;0.6941177;0.4666667
-0.1110993;0.276382;0.1353362;0.3764706;0.6941177;0.4666667
-0.1110993;0.276382;0.1353362;0.3764706;0.6941177;0.4666667
-0.1137042;0.2819979;0.1295065;0.3764706;0.6941177;0.4666667
-0.1137042;0.2819979;0.1295065;0.3764706;0.6941177;0.4666667
-0.1141922;0.2836402;0.1290414;0.3764706;0.6941177;0.4666667
-0.1141922;0.2836402;0.1290414;0.3764706;0.6941177;0.4666667
-0.1181613;0.2949147;0.1295892;0.3764706;0.6941177;0.4666667
-0.1181613;0.2949147;0.1295892;0.3764706;0.6941177;0.4666667
-0.1283849;0.3089435;0.1440903;0.3764706;0.6941177;0.4666667
-0.1283849;0.3089435;0.1440903;0.3764706;0.6941177;0.4666667
-0.1307274;0.3093342;0.1516252;0.3764706;0.6941177;0.4666667
-0.1307274;0.3093342;0.1516252;0.3764706;0.6941177;0.4666667
-0.1309421;0.3089672;0.1530788;0.3764706;0.6941177;0.4666667
-0.1309421;0.3089672;0.1530788;0.3764706;0.6941177;0.4666667
-0.1312046;0.3041991;0.1604764;0.3764706;0.6941177;0.4666667
-0.001968814;0.1951634;-0.2654926;0.3764706;0.6941177;0.4666667
-0.002350155;0.1929213;-0.2658621;0.3764706;0.6941177;0.4666667
-0.002350155;0.1929213;-0.2658621;0.3764706;0.6941177;0.4666667
-0.0008346383;0.1738316;-0.2717602;0.3764706;0.6941177;0.4666667
-0.0008346383;0.1738316;-0.2717602;0.3764706;0.6941177;0.4666667
0.004023448;0.1640338;-0.2746871;0.3764706;0.6941177;0.4666667
0.004023448;0.1640338;-0.2746871;0.3764706;0.6941177;0.4666667
0.005575445;0.1615544;-0.2753371;0.3764706;0.6941177;0.4666667
0.005575445;0.1615544;-0.2753371;0.3764706;0.6941177;0.4666667
0.01108621;0.1533534;-0.277475;0.3764706;0.6941177;0.4666667
0.01108621;0.1533534;-0.277475;0.3764706;0.6941177;0.4666667
0.01533553;0.1479694;-0.2783507;0.3764706;0.6941177;0.4666667
0.01533553;0.1479694;-0.2783507;0.3764706;0.6941177;0.4666667
0.02340587;0.1388758;-0.2794119;0.3764706;0.6941177;0.4666667
0.02340587;0.1388758;-0.2794119;0.3764706;0.6941177;0.4666667
0.02806498;0.1339084;-0.279466;0.3764706;0.6941177;0.4666667
0.02806498;0.1339084;-0.279466;0.3764706;0.6941177;0.4666667
0.03904732;0.121768;-0.2789234;0.3764706;0.6941177;0.4666667
0.03904732;0.121768;-0.2789234;0.3764706;0.6941177;0.4666667
0.04178626;0.118512;-0.2786103;0.3764706;0.6941177;0.4666667
0.04178626;0.118512;-0.2786103;0.3764706;0.6941177;0.4666667
0.05259598;0.1046717;-0.2765523;0.3764706;0.6941177;0.4666667
0.05259598;0.1046717;-0.2765523;0.3764706;0.6941177;0.4666667
0.06553238;0.08678021;-0.2718301;0.3764706;0.6941177;0.4666667
0.06553238;0.08678021;-0.2718301;0.3764706;0.6941177;0.4666667
0.06680208;0.08495292;-0.2712514;0.3764706;0.6941177;0.4666667
0.06680208;0.08495292;-0.2712514;0.3764706;0.6941177;0.4666667
0.07501076;0.07250118;-0.2666659;0.3764706;0.6941177;0.4666667
0.07501076;0.07250118;-0.2666659;0.3764706;0.6941177;0.4666667
0.07783998;0.06801023;-0.2648047;0.3764706;0.6941177;0.4666667
0.07783998;0.06801023;-0.2648047;0.3764706;0.6941177;0.4666667
0.08840262;0.05001794;-0.2560989;0.3764706;0.6941177;0.4666667
0.08840262;0.05001794;-0.2560989;0.3764706;0.6941177;0.4666667
0.09654276;0.03426263;-0.2460624;0.3764706;0.6941177;0.4666667
0.09654276;0.03426263;-0.2460624;0.3764706;0.6941177;0.4666667
0.0973735;0.03250161;-0.2448949;0.3764706;0.6941177;0.4666667
0.0973735;0.03250161;-0.2448949;0.3764706;0.6941177;0.4666667
0.1042794;0.01683275;-0.2331498;0.3764706;0.6941177;0.4666667
0.1042794;0.01683275;-0.2331498;0.3764706;0.6941177;0.4666667
0.1101627;0.001809807;-0.2207036;0.3764706;0.6941177;0.4666667
0.1101627;0.001809807;-0.2207036;0.3764706;0.6941177;0.4666667
0.1114861;-0.001359465;-0.2177436;0.3764706;0.6941177;0.4666667
0.1114861;-0.001359465;-0.2177436;0.3764706;0.6941177;0.4666667
0.1189089;-0.01546522;-0.2017975;0.3764706;0.6941177;0.4666667
0.1189089;-0.01546522;-0.2017975;0.3764706;0.6941177;0.4666667
0.1265821;-0.02813872;-0.1847367;0.3764706;0.6941177;0.4666667
0.1265821;-0.02813872;-0.1847367;0.3764706;0.6941177;0.4666667
0.134201;-0.04036377;-0.1667092;0.3764706;0.6941177;0.4666667
0.134201;-0.04036377;-0.1667092;0.3764706;0.6941177;0.4666667
0.1399494;-0.05019995;-0.1499624;0.3764706;0.6941177;0.4666667
0.1399494;-0.05019995;-0.1499624;0.3764706;0.6941177;0.4666667
0.140946;-0.05198194;-0.1469662;0.3764706;0.6941177;0.4666667
0.140946;-0.05198194;-0.1469662;0.3764706;0.6941177;0.4666667
0.1476017;-0.0638422;-0.1266707;0.3764706;0.6941177;0.4666667
0.1476017;-0.0638422;-0.1266707;0.3764706;0.6941177;0.4666667
0.1534781;-0.07568096;-0.1039832;0.3764706;0.6941177;0.4666667
0.1534781;-0.07568096;-0.1039832;0.3764706;0.6941177;0.4666667
0.155626;-0.08046445;-0.08299291;0.3764706;0.6941177;0.4666667
0.155626;-0.08046445;-0.08299291;0.3764706;0.6941177;0.4666667
0.1562809;-0.08248529;-0.0784055;0.3764706;0.6941177;0.4666667
0.1562809;-0.08248529;-0.0784055;0.3764706;0.6941177;0.4666667
0.1581443;-0.08997417;-0.06110382;0.3764706;0.6941177;0.4666667
0.1581443;-0.08997417;-0.06110382;0.3764706;0.6941177;0.4666667
0.1587282;-0.0923311;-0.05528593;0.3764706;0.6941177;0.4666667
0.1587282;-0.0923311;-0.05528593;0.3764706;0.6941177;0.4666667
0.1602477;-0.09769913;-0.04018629;0.3764706;0.6941177;0.4666667
0.1602477;-0.09769913;-0.04018629;0.3764706;0.6941177;0.4666667
0.1609403;-0.0998572;-0.03179383;0.3764706;0.6941177;0.4666667
0.1609403;-0.0998572;-0.03179383;0.3764706;0.6941177;0.4666667
0.1624203;-0.1039918;-0.012887;0.3764706;0.6941177;0.4666667
0.1624203;-0.1039918;-0.012887;0.3764706;0.6941177;0.4666667
0.1626932;-0.1046703;-0.008174181;0.3764706;0.6941177;0.4666667
0.1626932;-0.1046703;-0.008174181;0.3764706;0.6941177;0.4666667
0.1628266;-0.1063791;0.0109725;0.3764706;0.6941177;0.4666667
0.1628266;-0.1063791;0.0109725;0.3764706;0.6941177;0.4666667
0.1625088;-0.1064047;0.01591408;0.3764706;0.6941177;0.4666667
0.1625088;-0.1064047;0.01591408;0.3764706;0.6941177;0.4666667
0.1607038;-0.1059932;0.03393888;0.3764706;0.6941177;0.4666667
0.1607038;-0.1059932;0.03393888;0.3764706;0.6941177;0.4666667
0.1596511;-0.1054585;0.0400728;0.3764706;0.6941177;0.4666667
0.1596511;-0.1054585;0.0400728;0.3764706;0.6941177;0.4666667
0.1553601;-0.1024012;0.05996394;0.3764706;0.6941177;0.4666667
0.1553601;-0.1024012;0.05996394;0.3764706;0.6941177;0.4666667
0.1468594;-0.09513775;0.08763731;0.3764706;0.6941177;0.4666667
0.1468594;-0.09513775;0.08763731;0.3764706;0.6941177;0.4666667
0.1453079;-0.09331223;0.09249246;0.3764706;0.6941177;0.4666667
0.1453079;-0.09331223;0.09249246;0.3764706;0.6941177;0.4666667
0.1400516;-0.08676079;0.1077954;0.3764706;0.6941177;0.4666667
0.1400516;-0.08676079;0.1077954;0.3764706;0.6941177;0.4666667
0.1384317;-0.08430861;0.1124609;0.3764706;0.6941177;0.4666667
0.1384317;-0.08430861;0.1124609;0.3764706;0.6941177;0.4666667
0.1318279;-0.07315813;0.1314994;0.3764706;0.6941177;0.4666667
0.1318279;-0.07315813;0.1314994;0.3764706;0.6941177;0.4666667
0.1307131;-0.07075595;0.1348032;0.3764706;0.6941177;0.4666667
0.1307131;-0.07075595;0.1348032;0.3764706;0.6941177;0.4666667
0.1236079;-0.05071702;0.1581879;0.3764706;0.6941177;0.4666667
0.1236079;-0.05071702;0.1581879;0.3764706;0.6941177;0.4666667
0.118895;-0.03536174;0.1723745;0.3764706;0.6941177;0.4666667
0.118895;-0.03536174;0.1723745;0.3764706;0.6941177;0.4666667
0.1178266;-0.03255274;0.1750046;0.3764706;0.6941177;0.4666667
0.1178266;-0.03255274;0.1750046;0.3764706;0.6941177;0.4666667
0.1118516;-0.01456708;0.1895711;0.3764706;0.6941177;0.4666667
0.1118516;-0.01456708;0.1895711;0.3764706;0.6941177;0.4666667
0.1040048;0.006504361;0.2051982;0.3764706;0.6941177;0.4666667
0.1040048;0.006504361;0.2051982;0.3764706;0.6941177;0.4666667
0.101159;0.01371837;0.2102479;0.3764706;0.6941177;0.4666667
0.101159;0.01371837;0.2102479;0.3764706;0.6941177;0.4666667
0.09309719;0.03294822;0.2233783;0.3764706;0.6941177;0.4666667
0.09309719;0.03294822;0.2233783;0.3764706;0.6941177;0.4666667
0.0909368;0.03792917;0.226548;0.3764706;0.6941177;0.4666667
0.0909368;0.03792917;0.226548;0.3764706;0.6941177;0.4666667
0.08229383;0.05529771;0.2374802;0.3764706;0.6941177;0.4666667
0.08229383;0.05529771;0.2374802;0.3764706;0.6941177;0.4666667
0.08037265;0.05988076;0.2400271;0.3764706;0.6941177;0.4666667
0.08037265;0.05988076;0.2400271;0.3764706;0.6941177;0.4666667
0.07445505;0.07481659;0.2476767;0.3764706;0.6941177;0.4666667
0.07445505;0.07481659;0.2476767;0.3764706;0.6941177;0.4666667
0.07199568;0.08090384;0.2505157;0.3764706;0.6941177;0.4666667
0.07199568;0.08090384;0.2505157;0.3764706;0.6941177;0.4666667
0.06729137;0.09301578;0.2555537;0.3764706;0.6941177;0.4666667
0.06729137;0.09301578;0.2555537;0.3764706;0.6941177;0.4666667
0.0649683;0.09907405;0.2577608;0.3764706;0.6941177;0.4666667
0.0649683;0.09907405;0.2577608;0.3764706;0.6941177;0.4666667
0.06008649;0.1103909;0.2608986;0.3764706;0.6941177;0.4666667
0.06008649;0.1103909;0.2608986;0.3764706;0.6941177;0.4666667
0.05911974;0.1130213;0.2615044;0.3764706;0.6941177;0.4666667
0.05911974;0.1130213;0.2615044;0.3764706;0.6941177;0.4666667
0.05587231;0.121304;0.2629604;0.3764706;0.6941177;0.4666667
0.05587231;0.121304;0.2629604;0.3764706;0.6941177;0.4666667
0.05497394;0.1229116;0.263141;0.3764706;0.6941177;0.4666667
0.05497394;0.1229116;0.263141;0.3764706;0.6941177;0.4666667
0.05166628;0.1269438;0.2637167;0.3764706;0.6941177;0.4666667
0.05166628;0.1269438;0.2637167;0.3764706;0.6941177;0.4666667
0.05025387;0.1280985;0.2638139;0.3764706;0.6941177;0.4666667
