0.1065174;-0.4495319;-0.04878247;0.9372549;0.5254902;0.1960784
0.108223;-0.4466411;-0.05101359;0.9372549;0.5254902;0.1960784
0.108223;-0.4466411;-0.05101359;0.9372549;0.5254902;0.1960784
0.11046;-0.4471233;-0.0490545;0.9372549;0.5254902;0.1960784
0.11046;-0.4471233;-0.0490545;0.9372549;0.5254902;0.1960784
0.1134977;-0.4472081;-0.046615;0.9372549;0.5254902;0.1960784
0.1134977;-0.4472081;-0.046615;0.9372549;0.5254902;0.1960784
0.1166819;-0.4475949;-0.04398119;0.9372549;0.5254902;0.1960784
0.1166819;-0.4475949;-0.04398119;0.9372549;0.5254902;0.1960784
0.120782;-0.4483432;-0.04018044;0.9372549;0.5254902;0.1960784
0.120782;-0.4483432;-0.04018044;0.9372549;0.5254902;0.1960784
0.1240224;-0.4490769;-0.03708839;0.9372549;0.5254902;0.1960784
0.1240224;-0.4490769;-0.03708839;0.9372549;0.5254902;0.1960784
0.1274317;-0.4494651;-0.03351212;0.9372549;0.5254902;0.1960784
0.1274317;-0.4494651;-0.03351212;0.9372549;0.5254902;0.1960784
0.1292934;-0.4491003;-0.03076577;0.9372549;0.5254902;0.1960784
0.1292934;-0.4491003;-0.03076577;0.9372549;0.5254902;0.1960784
0.1353526;-0.4502148;-0.02268827;0.9372549;0.5254902;0.1960784
0.1353526;-0.4502148;-0.02268827;0.9372549;0.5254902;0.1960784
0.1396161;-0.4506623;-0.01765358;0.9372549;0.5254902;0.1960784
0.1396161;-0.4506623;-0.01765358;0.9372549;0.5254902;0.1960784
0.1440879;-0.4506291;-0.01245475;0.9372549;0.5254902;0.1960784
0.1440879;-0.4506291;-0.01245475;0.9372549;0.5254902;0.1960784
0.1506735;-0.4511498;-0.00492835;0.9372549;0.5254902;0.1960784
0.1506735;-0.4511498;-0.00492835;0.9372549;0.5254902;0.1960784
0.1561795;-0.4504253;0.0009013414;0.9372549;0.5254902;0.1960784
0.1561795;-0.4504253;0.0009013414;0.9372549;0.5254902;0.1960784
0.1641909;-0.4499132;0.009250045;0.9372549;0.5254902;0.1960784
0.1641909;-0.4499132;0.009250045;0.9372549;0.5254902;0.1960784
0.1704114;-0.4489316;0.0161494;0.9372549;0.5254902;0.1960784
0.1704114;-0.4489316;0.0161494;0.9372549;0.5254902;0.1960784
0.1767995;-0.4486308;0.02397358;0.9372549;0.5254902;0.1960784
0.1767995;-0.4486308;0.02397358;0.9372549;0.5254902;0.1960784
0.1810924;-0.4477368;0.02929819;0.9372549;0.5254902;0.1960784
0.1810924;-0.4477368;0.02929819;0.9372549;0.5254902;0.1960784
0.1921751;-0.4459094;0.04407811;0.9372549;0.5254902;0.1960784
0.1921751;-0.4459094;0.04407811;0.9372549;0.5254902;0.1960784
0.19907;-0.4438878;0.0536418;0.9372549;0.5254902;0.1960784
0.19907;-0.4438878;0.0536418;0.9372549;0.5254902;0.1960784
0.2067869;-0.4421324;0.06512535;0.9372549;0.5254902;0.1960784
0.2067869;-0.4421324;0.06512535;0.9372549;0.5254902;0.1960784
0.215838;-0.4384765;0.07959139;0.9372549;0.5254902;0.1960784
0.215838;-0.4384765;0.07959139;0.9372549;0.5254902;0.1960784
0.2226685;-0.435753;0.0915935;0.9372549;0.5254902;0.1960784
0.2226685;-0.435753;0.0915935;0.9372549;0.5254902;0.1960784
0.2292361;-0.4322554;0.1041188;0.9372549;0.5254902;0.1960784
0.2292361;-0.4322554;0.1041188;0.9372549;0.5254902;0.1960784
0.2344845;-0.429309;0.1151319;0.9372549;0.5254902;0.1960784
0.2344845;-0.429309;0.1151319;0.9372549;0.5254902;0.1960784
0.2422542;-0.4234281;0.1340501;0.9372549;0.5254902;0.1960784
0.2422542;-0.4234281;0.1340501;0.9372549;0.5254902;0.1960784
0.2445551;-0.419686;0.1417783;0.9372549;0.5254902;0.1960784
0.2445551;-0.419686;0.1417783;0.9372549;0.5254902;0.1960784
0.2475033;-0.4127783;0.1564934;0.9372549;0.5254902;0.1960784
0.2475033;-0.4127783;0.1564934;0.9372549;0.5254902;0.1960784
0.249083;-0.4084727;0.1721191;0.9372549;0.5254902;0.1960784
0.249083;-0.4084727;0.1721191;0.9372549;0.5254902;0.1960784
0.2494835;-0.4050126;0.182882;0.9372549;0.5254902;0.1960784
0.2494835;-0.4050126;0.182882;0.9372549;0.5254902;0.1960784
0.2488444;-0.4016437;0.1962031;0.9372549;0.5254902;0.1960784
0.2488444;-0.4016437;0.1962031;0.9372549;0.5254902;0.1960784
0.2470628;-0.3984058;0.2031238;0.9372549;0.5254902;0.1960784
0.2470628;-0.3984058;0.2031238;0.9372549;0.5254902;0.1960784
0.2443394;-0.3960791;0.207935;0.9372549;0.5254902;0.1960784
0.2443394;-0.3960791;0.207935;0.9372549;0.5254902;0.1960784
0.2419017;-0.39544;0.2106581;0.9372549;0.5254902;0.1960784
0.2419017;-0.39544;0.2106581;0.9372549;0.5254902;0.1960784
0.235416;-0.3955013;0.2135186;0.9372549;0.5254902;0.1960784
0.235416;-0.3955013;0.2135186;0.9372549;0.5254902;0.1960784
0.2320936;-0.3960678;0.2134845;0.9372549;0.5254902;0.1960784
0.2320936;-0.3960678;0.2134845;0.9372549;0.5254902;0.1960784
0.2245128;-0.3995022;0.211309;0.9372549;0.5254902;0.1960784
0.2245128;-0.3995022;0.211309;0.9372549;0.5254902;0.1960784
0.218292;-0.4020467;0.2063084;0.9372549;0.5254902;0.1960784
0.218292;-0.4020467;0.2063084;0.9372549;0.5254902;0.1960784
0.2000188;-0.4118069;0.1847837;0.9372549;0.5254902;0.1960784
0.2000188;-0.4118069;0.1847837;0.9372549;0.5254902;0.1960784
0.192516;-0.4167086;0.1738476;0.9372549;0.5254902;0.1960784
0.192516;-0.4167086;0.1738476;0.9372549;0.5254902;0.1960784
0.1846918;-0.4207241;0.1605672;0.9372549;0.5254902;0.1960784
0.1846918;-0.4207241;0.1605672;0.9372549;0.5254902;0.1960784
0.176782;-0.4248429;0.1458809;0.9372549;0.5254902;0.1960784
0.176782;-0.4248429;0.1458809;0.9372549;0.5254902;0.1960784
0.1656721;-0.429715;0.1247784;0.9372549;0.5254902;0.1960784
0.1656721;-0.429715;0.1247784;0.9372549;0.5254902;0.1960784
0.1574357;-0.4339766;0.1098348;0.9372549;0.5254902;0.1960784
0.1574357;-0.4339766;0.1098348;0.9372549;0.5254902;0.1960784
0.1514409;-0.4361589;0.09988141;0.9372549;0.5254902;0.1960784
0.1514409;-0.4361589;0.09988141;0.9372549;0.5254902;0.1960784
0.1368262;-0.4422723;0.08016515;0.9372549;0.5254902;0.1960784
0.1368262;-0.4422723;0.08016515;0.9372549;0.5254902;0.1960784
0.1313614;-0.4440289;0.07387877;0.9372549;0.5254902;0.1960784
0.1313614;-0.4440289;0.07387877;0.9372549;0.5254902;0.1960784
0.1195277;-0.4460977;0.0655123;0.9372549;0.5254902;0.1960784
0.1195277;-0.4460977;0.0655123;0.9372549;0.5254902;0.1960784
0.1147265;-0.4477302;0.06541181;0.9372549;0.5254902;0.1960784
0.1147265;-0.4477302;0.06541181;0.9372549;0.5254902;0.1960784
0.1123572;-0.4491845;0.06930971;0.9372549;0.5254902;0.1960784
0.1123572;-0.4491845;0.06930971;0.9372549;0.5254902;0.1960784
0.1119976;-0.4500459;0.0792501;0.9372549;0.5254902;0.1960784
0.1119976;-0.4500459;0.0792501;0.9372549;0.5254902;0.1960784
0.113505;-0.4498239;0.08873689;0.9372549;0.5254902;0.1960784
0.113505;-0.4498239;0.08873689;0.9372549;0.5254902;0.1960784
0.1155557;-0.4497356;0.09798312;0.9372549;0.5254902;0.1960784
0.1155557;-0.4497356;0.09798312;0.9372549;0.5254902;0.1960784
0.1219404;-0.4476972;0.1256958;0.9372549;0.5254902;0.1960784
0.1219404;-0.4476972;0.1256958;0.9372549;0.5254902;0.1960784
0.1257858;-0.4449535;0.1435515;0.9372549;0.5254902;0.1960784
0.1257858;-0.4449535;0.1435515;0.9372549;0.5254902;0.1960784
0.1280314;-0.4434719;0.1558269;0.9372549;0.5254902;0.1960784
0.1280314;-0.4434719;0.1558269;0.9372549;0.5254902;0.1960784
0.1313642;-0.4396362;0.1861272;0.9372549;0.5254902;0.1960784
0.1313642;-0.4396362;0.1861272;0.9372549;0.5254902;0.1960784
0.1311989;-0.4366328;0.2108415;0.9372549;0.5254902;0.1960784
0.1311989;-0.4366328;0.2108415;0.9372549;0.5254902;0.1960784
0.1292627;-0.4344651;0.2299123;0.9372549;0.5254902;0.1960784
0.1292627;-0.4344651;0.2299123;0.9372549;0.5254902;0.1960784
0.1255564;-0.433585;0.250787;0.9372549;0.5254902;0.1960784
0.1255564;-0.433585;0.250787;0.9372549;0.5254902;0.1960784
0.1193886;-0.432133;0.272697;0.9372549;0.5254902;0.1960784
0.1193886;-0.432133;0.272697;0.9372549;0.5254902;0.1960784
0.1129055;-0.4319907;0.2879959;0.9372549;0.5254902;0.1960784
0.1129055;-0.4319907;0.2879959;0.9372549;0.5254902;0.1960784
0.1056458;-0.4325987;0.3004575;0.9372549;0.5254902;0.1960784
0.1056458;-0.4325987;0.3004575;0.9372549;0.5254902;0.1960784
0.095194;-0.4349566;0.3126529;0.9372549;0.5254902;0.1960784
0.095194;-0.4349566;0.3126529;0.9372549;0.5254902;0.1960784
0.08722754;-0.4372948;0.3182797;0.9372549;0.5254902;0.1960784
0.08722754;-0.4372948;0.3182797;0.9372549;0.5254902;0.1960784
0.08242594;-0.439124;0.3205398;0.9372549;0.5254902;0.1960784
0.08242594;-0.439124;0.3205398;0.9372549;0.5254902;0.1960784
0.07229349;-0.4436336;0.3213764;0.9372549;0.5254902;0.1960784
0.07229349;-0.4436336;0.3213764;0.9372549;0.5254902;0.1960784
0.06902477;-0.4456188;0.3192132;0.9372549;0.5254902;0.1960784
0.06902477;-0.4456188;0.3192132;0.9372549;0.5254902;0.1960784
0.06489567;-0.4493158;0.3111258;0.9372549;0.5254902;0.1960784
0.06489567;-0.4493158;0.3111258;0.9372549;0.5254902;0.1960784
0.0625506;-0.4495948;0.2957096;0.9372549;0.5254902;0.1960784
0.0625506;-0.4495948;0.2957096;0.9372549;0.5254902;0.1960784
0.06270853;-0.4511468;0.2868786;0.9372549;0.5254902;0.1960784
0.06270853;-0.4511468;0.2868786;0.9372549;0.5254902;0.1960784
0.06318249;-0.4524287;0.2772359;0.9372549;0.5254902;0.1960784
0.06318249;-0.4524287;0.2772359;0.9372549;0.5254902;0.1960784
0.06508742;-0.455464;0.2500912;0.9372549;0.5254902;0.1960784
0.06508742;-0.455464;0.2500912;0.9372549;0.5254902;0.1960784
0.06647947;-0.456582;0.2338008;0.9372549;0.5254902;0.1960784
0.06647947;-0.456582;0.2338008;0.9372549;0.5254902;0.1960784
0.06778795;-0.4561927;0.2182707;0.9372549;0.5254902;0.1960784
0.06778795;-0.4561927;0.2182707;0.9372549;0.5254902;0.1960784
0.0712299;-0.4518857;0.1918237;0.9372549;0.5254902;0.1960784
0.0712299;-0.4518857;0.1918237;0.9372549;0.5254902;0.1960784
0.07044766;-0.4509697;0.1878937;0.9372549;0.5254902;0.1960784
0.07044766;-0.4509697;0.1878937;0.9372549;0.5254902;0.1960784
0.06750663;-0.4480863;0.1873834;0.9372549;0.5254902;0.1960784
0.06750663;-0.4480863;0.1873834;0.9372549;0.5254902;0.1960784
0.06495412;-0.4466899;0.1900374;0.9372549;0.5254902;0.1960784
0.06495412;-0.4466899;0.1900374;0.9372549;0.5254902;0.1960784
0.05609503;-0.4409428;0.2021443;0.9372549;0.5254902;0.1960784
0.05609503;-0.4409428;0.2021443;0.9372549;0.5254902;0.1960784
0.04615597;-0.4403775;0.2174445;0.9372549;0.5254902;0.1960784
0.04615597;-0.4403775;0.2174445;0.9372549;0.5254902;0.1960784
0.03519336;-0.4398654;0.2322894;0.9372549;0.5254902;0.1960784
0.03519336;-0.4398654;0.2322894;0.9372549;0.5254902;0.1960784
0.008280091;-0.4409343;0.2610549;0.9372549;0.5254902;0.1960784
0.008280091;-0.4409343;0.2610549;0.9372549;0.5254902;0.1960784
-0.003212098;-0.4416262;0.2708597;0.9372549;0.5254902;0.1960784
-0.003212098;-0.4416262;0.2708597;0.9372549;0.5254902;0.1960784
-0.02175068;-0.4439553;0.2842772;0.9372549;0.5254902;0.1960784
-0.02175068;-0.4439553;0.2842772;0.9372549;0.5254902;0.1960784
-0.03456906;-0.4451497;0.2920908;0.9372549;0.5254902;0.1960784
-0.03456906;-0.4451497;0.2920908;0.9372549;0.5254902;0.1960784
-0.065662;-0.4495724;0.3083748;0.9372549;0.5254902;0.1960784
-0.065662;-0.4495724;0.3083748;0.9372549;0.5254902;0.1960784
-0.07725507;-0.4506439;0.3130268;0.9372549;0.5254902;0.1960784
-0.07725507;-0.4506439;0.3130268;0.9372549;0.5254902;0.1960784
-0.102643;-0.4538783;0.3206811;0.9372549;0.5254902;0.1960784
-0.102643;-0.4538783;0.3206811;0.9372549;0.5254902;0.1960784
-0.1155045;-0.4552317;0.3220851;0.9372549;0.5254902;0.1960784
-0.1155045;-0.4552317;0.3220851;0.9372549;0.5254902;0.1960784
-0.1252191;-0.457112;0.3220744;0.9372549;0.5254902;0.1960784
-0.1252191;-0.457112;0.3220744;0.9372549;0.5254902;0.1960784
-0.1342576;-0.4581327;0.3187349;0.9372549;0.5254902;0.1960784
-0.1342576;-0.4581327;0.3187349;0.9372549;0.5254902;0.1960784
-0.1372801;-0.4579573;0.314648;0.9372549;0.5254902;0.1960784
-0.1372801;-0.4579573;0.314648;0.9372549;0.5254902;0.1960784
-0.13766;-0.4580719;0.3095225;0.9372549;0.5254902;0.1960784
-0.13766;-0.4580719;0.3095225;0.9372549;0.5254902;0.1960784
-0.1362032;-0.4580132;0.3053041;0.9372549;0.5254902;0.1960784
-0.1362032;-0.4580132;0.3053041;0.9372549;0.5254902;0.1960784
-0.1274334;-0.4575716;0.2910253;0.9372549;0.5254902;0.1960784
-0.1274334;-0.4575716;0.2910253;0.9372549;0.5254902;0.1960784
-0.1218625;-0.4574277;0.2836691;0.9372549;0.5254902;0.1960784
-0.1218625;-0.4574277;0.2836691;0.9372549;0.5254902;0.1960784
-0.1045035;-0.4570578;0.2591662;0.9372549;0.5254902;0.1960784
-0.1045035;-0.4570578;0.2591662;0.9372549;0.5254902;0.1960784
-0.09537455;-0.4544324;0.24142;0.9372549;0.5254902;0.1960784
-0.09537455;-0.4544324;0.24142;0.9372549;0.5254902;0.1960784
-0.08916069;-0.4544666;0.2294424;0.9372549;0.5254902;0.1960784
-0.08916069;-0.4544666;0.2294424;0.9372549;0.5254902;0.1960784
-0.07660449;-0.4554701;0.199622;0.9372549;0.5254902;0.1960784
-0.07660449;-0.4554701;0.199622;0.9372549;0.5254902;0.1960784
-0.07130028;-0.4548147;0.1820178;0.9372549;0.5254902;0.1960784
-0.07130028;-0.4548147;0.1820178;0.9372549;0.5254902;0.1960784
-0.0674684;-0.4519146;0.1656345;0.9372549;0.5254902;0.1960784
-0.0674684;-0.4519146;0.1656345;0.9372549;0.5254902;0.1960784
-0.06783277;-0.4505472;0.1529299;0.9372549;0.5254902;0.1960784
-0.06783277;-0.4505472;0.1529299;0.9372549;0.5254902;0.1960784
-0.071972;-0.4495702;0.1480463;0.9372549;0.5254902;0.1960784
-0.071972;-0.4495702;0.1480463;0.9372549;0.5254902;0.1960784
-0.07495911;-0.4488478;0.1473281;0.9372549;0.5254902;0.1960784
-0.07495911;-0.4488478;0.1473281;0.9372549;0.5254902;0.1960784
-0.08920193;-0.4479564;0.1524092;0.9372549;0.5254902;0.1960784
-0.08920193;-0.4479564;0.1524092;0.9372549;0.5254902;0.1960784
-0.1081242;-0.4474469;0.1624873;0.9372549;0.5254902;0.1960784
-0.1081242;-0.4474469;0.1624873;0.9372549;0.5254902;0.1960784
-0.1196543;-0.4469363;0.1685447;0.9372549;0.5254902;0.1960784
-0.1196543;-0.4469363;0.1685447;0.9372549;0.5254902;0.1960784
-0.145939;-0.446688;0.1809119;0.9372549;0.5254902;0.1960784
-0.145939;-0.446688;0.1809119;0.9372549;0.5254902;0.1960784
-0.1760898;-0.4467396;0.1909227;0.9372549;0.5254902;0.1960784
-0.1760898;-0.4467396;0.1909227;0.9372549;0.5254902;0.1960784
-0.1995328;-0.4458331;0.1954513;0.9372549;0.5254902;0.1960784
-0.1995328;-0.4458331;0.1954513;0.9372549;0.5254902;0.1960784
-0.2075458;-0.4462849;0.1965053;0.9372549;0.5254902;0.1960784
-0.2075458;-0.4462849;0.1965053;0.9372549;0.5254902;0.1960784
-0.2759657;-0.4440162;0.1884834;0.9372549;0.5254902;0.1960784
-0.2759657;-0.4440162;0.1884834;0.9372549;0.5254902;0.1960784
-0.2943487;-0.4432042;0.1806703;0.9372549;0.5254902;0.1960784
-0.2943487;-0.4432042;0.1806703;0.9372549;0.5254902;0.1960784
-0.3098218;-0.4417808;0.1706624;0.9372549;0.5254902;0.1960784
-0.3098218;-0.4417808;0.1706624;0.9372549;0.5254902;0.1960784
-0.3241301;-0.4404731;0.1566976;0.9372549;0.5254902;0.1960784
-0.3241301;-0.4404731;0.1566976;0.9372549;0.5254902;0.1960784
-0.3278285;-0.4400782;0.150068;0.9372549;0.5254902;0.1960784
-0.3278285;-0.4400782;0.150068;0.9372549;0.5254902;0.1960784
-0.3283356;-0.439866;0.1387954;0.9372549;0.5254902;0.1960784
-0.3283356;-0.439866;0.1387954;0.9372549;0.5254902;0.1960784
-0.3222589;-0.4400366;0.131707;0.9372549;0.5254902;0.1960784
-0.3222589;-0.4400366;0.131707;0.9372549;0.5254902;0.1960784
-0.3071961;-0.4417468;0.1237484;0.9372549;0.5254902;0.1960784
-0.3071961;-0.4417468;0.1237484;0.9372549;0.5254902;0.1960784
-0.2907873;-0.4429944;0.1184599;0.9372549;0.5254902;0.1960784
-0.2907873;-0.4429944;0.1184599;0.9372549;0.5254902;0.1960784
-0.2647767;-0.4457752;0.1125262;0.9372549;0.5254902;0.1960784
-0.2647767;-0.4457752;0.1125262;0.9372549;0.5254902;0.1960784
-0.2576727;-0.4464867;0.1111108;0.9372549;0.5254902;0.1960784
-0.2576727;-0.4464867;0.1111108;0.9372549;0.5254902;0.1960784
-0.2200153;-0.4497951;0.1046902;0.9372549;0.5254902;0.1960784
-0.2200153;-0.4497951;0.1046902;0.9372549;0.5254902;0.1960784
-0.1884339;-0.4516901;0.1003014;0.9372549;0.5254902;0.1960784
-0.1884339;-0.4516901;0.1003014;0.9372549;0.5254902;0.1960784
-0.1722658;-0.4524838;0.09853065;0.9372549;0.5254902;0.1960784
-0.1722658;-0.4524838;0.09853065;0.9372549;0.5254902;0.1960784
-0.1337738;-0.4529536;0.09546733;0.9372549;0.5254902;0.1960784
-0.1337738;-0.4529536;0.09546733;0.9372549;0.5254902;0.1960784
-0.1040205;-0.4510326;0.09130955;0.9372549;0.5254902;0.1960784
-0.1040205;-0.4510326;0.09130955;0.9372549;0.5254902;0.1960784
-0.09426879;-0.4499857;0.0887078;0.9372549;0.5254902;0.1960784
-0.09426879;-0.4499857;0.0887078;0.9372549;0.5254902;0.1960784
-0.08046603;-0.4476834;0.08299148;0.9372549;0.5254902;0.1960784
-0.08046603;-0.4476834;0.08299148;0.9372549;0.5254902;0.1960784
-0.06838883;-0.444045;0.07349944;0.9372549;0.5254902;0.1960784
-0.06838883;-0.444045;0.07349944;0.9372549;0.5254902;0.1960784
-0.06449797;-0.4400402;0.06091046;0.9372549;0.5254902;0.1960784
-0.06449797;-0.4400402;0.06091046;0.9372549;0.5254902;0.1960784
-0.07271952;-0.4368767;0.04885912;0.9372549;0.5254902;0.1960784
-0.07271952;-0.4368767;0.04885912;0.9372549;0.5254902;0.1960784
-0.07563391;-0.4363782;0.04661918;0.9372549;0.5254902;0.1960784
-0.07563391;-0.4363782;0.04661918;0.9372549;0.5254902;0.1960784
-0.09600462;-0.4344761;0.03576601;0.9372549;0.5254902;0.1960784
-0.09600462;-0.4344761;0.03576601;0.9372549;0.5254902;0.1960784
-0.1180736;-0.4332935;0.02641499;0.9372549;0.5254902;0.1960784
-0.1180736;-0.4332935;0.02641499;0.9372549;0.5254902;0.1960784
-0.1368358;-0.43245;0.01812875;0.9372549;0.5254902;0.1960784
-0.1368358;-0.43245;0.01812875;0.9372549;0.5254902;0.1960784
-0.158171;-0.4316885;0.007376432;0.9372549;0.5254902;0.1960784
-0.158171;-0.4316885;0.007376432;0.9372549;0.5254902;0.1960784
-0.1838958;-0.4306038;-0.007727861;0.9372549;0.5254902;0.1960784
-0.1838958;-0.4306038;-0.007727861;0.9372549;0.5254902;0.1960784
-0.2043907;-0.4290842;-0.02176249;0.9372549;0.5254902;0.1960784
-0.2043907;-0.4290842;-0.02176249;0.9372549;0.5254902;0.1960784
-0.2264857;-0.4274734;-0.03978348;0.9372549;0.5254902;0.1960784
-0.2264857;-0.4274734;-0.03978348;0.9372549;0.5254902;0.1960784
-0.2405236;-0.4270569;-0.05294502;0.9372549;0.5254902;0.1960784
-0.2405236;-0.4270569;-0.05294502;0.9372549;0.5254902;0.1960784
-0.2596588;-0.4255899;-0.07467687;0.9372549;0.5254902;0.1960784
-0.2596588;-0.4255899;-0.07467687;0.9372549;0.5254902;0.1960784
-0.2686266;-0.425324;-0.08862102;0.9372549;0.5254902;0.1960784
-0.2686266;-0.425324;-0.08862102;0.9372549;0.5254902;0.1960784
-0.2738064;-0.4258225;-0.1010437;0.9372549;0.5254902;0.1960784
-0.2738064;-0.4258225;-0.1010437;0.9372549;0.5254902;0.1960784
-0.2746637;-0.4265939;-0.1161171;0.9372549;0.5254902;0.1960784
-0.2746637;-0.4265939;-0.1161171;0.9372549;0.5254902;0.1960784
-0.2706814;-0.427673;-0.1257223;0.9372549;0.5254902;0.1960784
-0.2706814;-0.427673;-0.1257223;0.9372549;0.5254902;0.1960784
-0.2628695;-0.4293084;-0.1340111;0.9372549;0.5254902;0.1960784
-0.2628695;-0.4293084;-0.1340111;0.9372549;0.5254902;0.1960784
-0.2356971;-0.4324695;-0.1454681;0.9372549;0.5254902;0.1960784
-0.2356971;-0.4324695;-0.1454681;0.9372549;0.5254902;0.1960784
-0.2138551;-0.4346954;-0.1473713;0.9372549;0.5254902;0.1960784
-0.2138551;-0.4346954;-0.1473713;0.9372549;0.5254902;0.1960784
-0.1938432;-0.4368252;-0.145852;0.9372549;0.5254902;0.1960784
-0.1938432;-0.4368252;-0.145852;0.9372549;0.5254902;0.1960784
-0.1653143;-0.4402575;-0.1386104;0.9372549;0.5254902;0.1960784
-0.1653143;-0.4402575;-0.1386104;0.9372549;0.5254902;0.1960784
-0.1427421;-0.4434346;-0.1293308;0.9372549;0.5254902;0.1960784
-0.1427421;-0.4434346;-0.1293308;0.9372549;0.5254902;0.1960784
-0.1120818;-0.4459387;-0.1123872;0.9372549;0.5254902;0.1960784
-0.1120818;-0.4459387;-0.1123872;0.9372549;0.5254902;0.1960784
-0.09091844;-0.4469189;-0.09808421;0.9372549;0.5254902;0.1960784
-0.09091844;-0.4469189;-0.09808421;0.9372549;0.5254902;0.1960784
-0.07257327;-0.4473619;-0.08494008;0.9372549;0.5254902;0.1960784
-0.07257327;-0.4473619;-0.08494008;0.9372549;0.5254902;0.1960784
-0.06109852;-0.4477253;-0.07688129;0.9372549;0.5254902;0.1960784
-0.06109852;-0.4477253;-0.07688129;0.9372549;0.5254902;0.1960784
-0.04087086;-0.444896;-0.06651032;0.9372549;0.5254902;0.1960784
-0.04087086;-0.444896;-0.06651032;0.9372549;0.5254902;0.1960784
-0.03246669;-0.4417337;-0.06656265;0.9372549;0.5254902;0.1960784
-0.03246669;-0.4417337;-0.06656265;0.9372549;0.5254902;0.1960784
-0.02796629;-0.4400334;-0.0686816;0.9372549;0.5254902;0.1960784
-0.02796629;-0.4400334;-0.0686816;0.9372549;0.5254902;0.1960784
-0.01940185;-0.4365364;-0.08152163;0.9372549;0.5254902;0.1960784
-0.01940185;-0.4365364;-0.08152163;0.9372549;0.5254902;0.1960784
-0.01593614;-0.4336909;-0.09475946;0.9372549;0.5254902;0.1960784
-0.01593614;-0.4336909;-0.09475946;0.9372549;0.5254902;0.1960784
-0.01425135;-0.4309802;-0.1093414;0.9372549;0.5254902;0.1960784
-0.01425135;-0.4309802;-0.1093414;0.9372549;0.5254902;0.1960784
-0.01400573;-0.4280704;-0.1313211;0.9372549;0.5254902;0.1960784
-0.01400573;-0.4280704;-0.1313211;0.9372549;0.5254902;0.1960784
-0.01584832;-0.4255669;-0.1564437;0.9372549;0.5254902;0.1960784
-0.01584832;-0.4255669;-0.1564437;0.9372549;0.5254902;0.1960784
-0.01915933;-0.4234203;-0.1833614;0.9372549;0.5254902;0.1960784
-0.01915933;-0.4234203;-0.1833614;0.9372549;0.5254902;0.1960784
-0.02063634;-0.4224329;-0.195215;0.9372549;0.5254902;0.1960784
-0.02063634;-0.4224329;-0.195215;0.9372549;0.5254902;0.1960784
-0.02453257;-0.4186233;-0.2337358;0.9372549;0.5254902;0.1960784
-0.02453257;-0.4186233;-0.2337358;0.9372549;0.5254902;0.1960784
-0.02502698;-0.4176991;-0.2471037;0.9372549;0.5254902;0.1960784
-0.02502698;-0.4176991;-0.2471037;0.9372549;0.5254902;0.1960784
-0.02301124;-0.415611;-0.2739795;0.9372549;0.5254902;0.1960784
-0.02301124;-0.415611;-0.2739795;0.9372549;0.5254902;0.1960784
-0.01897933;-0.4158281;-0.2839725;0.9372549;0.5254902;0.1960784
-0.01897933;-0.4158281;-0.2839725;0.9372549;0.5254902;0.1960784
-0.0123022;-0.4162728;-0.2896448;0.9372549;0.5254902;0.1960784
-0.0123022;-0.4162728;-0.2896448;0.9372549;0.5254902;0.1960784
-0.002097048;-0.4183979;-0.2880247;0.9372549;0.5254902;0.1960784
-0.002097048;-0.4183979;-0.2880247;0.9372549;0.5254902;0.1960784
0.007562883;-0.4212514;-0.2808261;0.9372549;0.5254902;0.1960784
0.007562883;-0.4212514;-0.2808261;0.9372549;0.5254902;0.1960784
0.011998;-0.4227933;-0.2760613;0.9372549;0.5254902;0.1960784
0.011998;-0.4227933;-0.2760613;0.9372549;0.5254902;0.1960784
0.02963213;-0.4284721;-0.2506814;0.9372549;0.5254902;0.1960784
0.02963213;-0.4284721;-0.2506814;0.9372549;0.5254902;0.1960784
0.0436966;-0.4324547;-0.2240257;0.9372549;0.5254902;0.1960784
0.0436966;-0.4324547;-0.2240257;0.9372549;0.5254902;0.1960784
0.04709009;-0.4334209;-0.2166443;0.9372549;0.5254902;0.1960784
0.04709009;-0.4334209;-0.2166443;0.9372549;0.5254902;0.1960784
0.06444268;-0.4378805;-0.1694857;0.9372549;0.5254902;0.1960784
0.06444268;-0.4378805;-0.1694857;0.9372549;0.5254902;0.1960784
0.07060343;-0.4395979;-0.1450144;0.9372549;0.5254902;0.1960784
0.07060343;-0.4395979;-0.1450144;0.9372549;0.5254902;0.1960784
0.07538308;-0.4413423;-0.1208524;0.9372549;0.5254902;0.1960784
0.07538308;-0.4413423;-0.1208524;0.9372549;0.5254902;0.1960784
0.07974502;-0.4450355;-0.09196544;0.9372549;0.5254902;0.1960784
0.07974502;-0.4450355;-0.09196544;0.9372549;0.5254902;0.1960784
0.0809824;-0.4459149;-0.07945585;0.9372549;0.5254902;0.1960784
0.0809824;-0.4459149;-0.07945585;0.9372549;0.5254902;0.1960784
0.08239954;-0.4470979;-0.06005192;0.9372549;0.5254902;0.1960784
0.08239954;-0.4470979;-0.06005192;0.9372549;0.5254902;0.1960784
0.08334517;-0.44923;-0.05007267;0.9372549;0.5254902;0.1960784
0.08334517;-0.44923;-0.05007267;0.9372549;0.5254902;0.1960784
0.08739787;-0.4516657;-0.06109035;0.9372549;0.5254902;0.1960784
0.08739787;-0.4516657;-0.06109035;0.9372549;0.5254902;0.1960784
0.08855104;-0.4511136;-0.06655085;0.9372549;0.5254902;0.1960784
0.08855104;-0.4511136;-0.06655085;0.9372549;0.5254902;0.1960784
0.09314395;-0.4514183;-0.08860207;0.9372549;0.5254902;0.1960784
0.09314395;-0.4514183;-0.08860207;0.9372549;0.5254902;0.1960784
0.09582851;-0.4516461;-0.1017163;0.9372549;0.5254902;0.1960784
0.09582851;-0.4516461;-0.1017163;0.9372549;0.5254902;0.1960784
0.1026786;-0.4516191;-0.1321037;0.9372549;0.5254902;0.1960784
0.1026786;-0.4516191;-0.1321037;0.9372549;0.5254902;0.1960784
0.1095965;-0.4507386;-0.1624449;0.9372549;0.5254902;0.1960784
0.1095965;-0.4507386;-0.1624449;0.9372549;0.5254902;0.1960784
0.1155501;-0.4504455;-0.1847761;0.9372549;0.5254902;0.1960784
0.1155501;-0.4504455;-0.1847761;0.9372549;0.5254902;0.1960784
0.1233353;-0.4501386;-0.2073122;0.9372549;0.5254902;0.1960784
0.1233353;-0.4501386;-0.2073122;0.9372549;0.5254902;0.1960784
0.1310867;-0.4493523;-0.2240605;0.9372549;0.5254902;0.1960784
0.1310867;-0.4493523;-0.2240605;0.9372549;0.5254902;0.1960784
0.1460776;-0.4478754;-0.2466805;0.9372549;0.5254902;0.1960784
0.1460776;-0.4478754;-0.2466805;0.9372549;0.5254902;0.1960784
0.1552274;-0.4468098;-0.2563069;0.9372549;0.5254902;0.1960784
0.1552274;-0.4468098;-0.2563069;0.9372549;0.5254902;0.1960784
0.1711695;-0.4463475;-0.2663115;0.9372549;0.5254902;0.1960784
0.1711695;-0.4463475;-0.2663115;0.9372549;0.5254902;0.1960784
0.184016;-0.4458874;-0.2691243;0.9372549;0.5254902;0.1960784
0.184016;-0.4458874;-0.2691243;0.9372549;0.5254902;0.1960784
0.1974624;-0.4454518;-0.2679904;0.9372549;0.5254902;0.1960784
0.1974624;-0.4454518;-0.2679904;0.9372549;0.5254902;0.1960784
0.2163132;-0.446145;-0.2598141;0.9372549;0.5254902;0.1960784
0.2163132;-0.446145;-0.2598141;0.9372549;0.5254902;0.1960784
0.2315719;-0.4480174;-0.2481196;0.9372549;0.5254902;0.1960784
0.2315719;-0.4480174;-0.2481196;0.9372549;0.5254902;0.1960784
0.2439072;-0.4491392;-0.236356;0.9372549;0.5254902;0.1960784
0.2439072;-0.4491392;-0.236356;0.9372549;0.5254902;0.1960784
0.259852;-0.4505907;-0.2177907;0.9372549;0.5254902;0.1960784
0.259852;-0.4505907;-0.2177907;0.9372549;0.5254902;0.1960784
0.271131;-0.4509733;-0.202145;0.9372549;0.5254902;0.1960784
0.271131;-0.4509733;-0.202145;0.9372549;0.5254902;0.1960784
0.2795488;-0.4505984;-0.1884985;0.9372549;0.5254902;0.1960784
0.2795488;-0.4505984;-0.1884985;0.9372549;0.5254902;0.1960784
0.2869553;-0.4488846;-0.1730421;0.9372549;0.5254902;0.1960784
0.2869553;-0.4488846;-0.1730421;0.9372549;0.5254902;0.1960784
0.2920406;-0.4494796;-0.1586823;0.9372549;0.5254902;0.1960784
0.2920406;-0.4494796;-0.1586823;0.9372549;0.5254902;0.1960784
0.2952195;-0.4501105;-0.1407686;0.9372549;0.5254902;0.1960784
0.2952195;-0.4501105;-0.1407686;0.9372549;0.5254902;0.1960784
0.2942156;-0.4502871;-0.1283503;0.9372549;0.5254902;0.1960784
0.2942156;-0.4502871;-0.1283503;0.9372549;0.5254902;0.1960784
0.2902009;-0.4509295;-0.1172187;0.9372549;0.5254902;0.1960784
0.2902009;-0.4509295;-0.1172187;0.9372549;0.5254902;0.1960784
0.2797491;-0.4525896;-0.1020883;0.9372549;0.5254902;0.1960784
0.2797491;-0.4525896;-0.1020883;0.9372549;0.5254902;0.1960784
0.2686853;-0.4545099;-0.09127545;0.9372549;0.5254902;0.1960784
0.2686853;-0.4545099;-0.09127545;0.9372549;0.5254902;0.1960784
0.2570194;-0.4567231;-0.08208728;0.9372549;0.5254902;0.1960784
0.2570194;-0.4567231;-0.08208728;0.9372549;0.5254902;0.1960784
0.2528421;-0.4577573;-0.07910454;0.9372549;0.5254902;0.1960784
0.2528421;-0.4577573;-0.07910454;0.9372549;0.5254902;0.1960784
0.2282735;-0.4629011;-0.06480598;0.9372549;0.5254902;0.1960784
0.2282735;-0.4629011;-0.06480598;0.9372549;0.5254902;0.1960784
0.207174;-0.4669643;-0.05574477;0.9372549;0.5254902;0.1960784
0.207174;-0.4669643;-0.05574477;0.9372549;0.5254902;0.1960784
0.1916668;-0.4698033;-0.05059159;0.9372549;0.5254902;0.1960784
0.1916668;-0.4698033;-0.05059159;0.9372549;0.5254902;0.1960784
0.1751735;-0.473426;-0.04574788;0.9372549;0.5254902;0.1960784
0.1751735;-0.473426;-0.04574788;0.9372549;0.5254902;0.1960784
0.1581657;-0.4759097;-0.04126191;0.9372549;0.5254902;0.1960784
0.1581657;-0.4759097;-0.04126191;0.9372549;0.5254902;0.1960784
0.140274;-0.4786291;-0.03623998;0.9372549;0.5254902;0.1960784
0.140274;-0.4786291;-0.03623998;0.9372549;0.5254902;0.1960784
0.1293871;-0.4796409;-0.03285432;0.9372549;0.5254902;0.1960784
0.1293871;-0.4796409;-0.03285432;0.9372549;0.5254902;0.1960784
0.1217415;-0.479637;-0.02916586;0.9372549;0.5254902;0.1960784
0.1217415;-0.479637;-0.02916586;0.9372549;0.5254902;0.1960784
0.1206173;-0.4794186;-0.02823591;0.9372549;0.5254902;0.1960784
0.1206173;-0.4794186;-0.02823591;0.9372549;0.5254902;0.1960784
0.1284616;-0.4757299;-0.01999187;0.9372549;0.5254902;0.1960784
0.1284616;-0.4757299;-0.01999187;0.9372549;0.5254902;0.1960784
0.1380416;-0.4736922;-0.01684165;0.9372549;0.5254902;0.1960784
0.1380416;-0.4736922;-0.01684165;0.9372549;0.5254902;0.1960784
0.1493023;-0.4720616;-0.01353753;0.9372549;0.5254902;0.1960784
0.1493023;-0.4720616;-0.01353753;0.9372549;0.5254902;0.1960784
0.1646079;-0.4693532;-0.01005864;0.9372549;0.5254902;0.1960784
0.1646079;-0.4693532;-0.01005864;0.9372549;0.5254902;0.1960784
0.1769561;-0.467774;-0.007410765;0.9372549;0.5254902;0.1960784
0.1769561;-0.467774;-0.007410765;0.9372549;0.5254902;0.1960784
0.1987208;-0.4650443;-0.002586603;0.9372549;0.5254902;0.1960784
0.1987208;-0.4650443;-0.002586603;0.9372549;0.5254902;0.1960784
0.2109118;-0.4635241;0.0002830029;0.9372549;0.5254902;0.1960784
0.2109118;-0.4635241;0.0002830029;0.9372549;0.5254902;0.1960784
0.2426436;-0.4595289;0.009345651;0.9372549;0.5254902;0.1960784
0.2426436;-0.4595289;0.009345651;0.9372549;0.5254902;0.1960784
0.2623161;-0.4564038;0.0152142;0.9372549;0.5254902;0.1960784
0.2623161;-0.4564038;0.0152142;0.9372549;0.5254902;0.1960784
0.2887921;-0.4510298;0.02337873;0.9372549;0.5254902;0.1960784
0.2887921;-0.4510298;0.02337873;0.9372549;0.5254902;0.1960784
0.32527;-0.4362723;0.03667235;0.9372549;0.5254902;0.1960784
0.32527;-0.4362723;0.03667235;0.9372549;0.5254902;0.1960784
0.3311001;-0.4342903;0.03944087;0.9372549;0.5254902;0.1960784
0.3311001;-0.4342903;0.03944087;0.9372549;0.5254902;0.1960784
0.3570682;-0.4226679;0.05354357;0.9372549;0.5254902;0.1960784
0.3570682;-0.4226679;0.05354357;0.9372549;0.5254902;0.1960784
0.3746658;-0.4147437;0.06615198;0.9372549;0.5254902;0.1960784
0.3746658;-0.4147437;0.06615198;0.9372549;0.5254902;0.1960784
0.3770846;-0.4136572;0.0684247;0.9372549;0.5254902;0.1960784
0.3770846;-0.4136572;0.0684247;0.9372549;0.5254902;0.1960784
0.3829787;-0.40963;0.0767113;0.9372549;0.5254902;0.1960784
0.3829787;-0.40963;0.0767113;0.9372549;0.5254902;0.1960784
0.3838372;-0.4086002;0.08370733;0.9372549;0.5254902;0.1960784
0.3838372;-0.4086002;0.08370733;0.9372549;0.5254902;0.1960784
0.3810182;-0.4094487;0.08705282;0.9372549;0.5254902;0.1960784
0.3810182;-0.4094487;0.08705282;0.9372549;0.5254902;0.1960784
0.3738919;-0.4125803;0.08865535;0.9372549;0.5254902;0.1960784
0.3738919;-0.4125803;0.08865535;0.9372549;0.5254902;0.1960784
0.3622564;-0.418188;0.08745277;0.9372549;0.5254902;0.1960784
0.3622564;-0.418188;0.08745277;0.9372549;0.5254902;0.1960784
0.3594435;-0.419665;0.08687854;0.9372549;0.5254902;0.1960784
0.3594435;-0.419665;0.08687854;0.9372549;0.5254902;0.1960784
0.3334011;-0.4311108;0.07750142;0.9372549;0.5254902;0.1960784
0.3334011;-0.4311108;0.07750142;0.9372549;0.5254902;0.1960784
0.3180092;-0.4372207;0.0705179;0.9372549;0.5254902;0.1960784
0.3180092;-0.4372207;0.0705179;0.9372549;0.5254902;0.1960784
0.3122579;-0.4392118;0.06790125;0.9372549;0.5254902;0.1960784
0.3122579;-0.4392118;0.06790125;0.9372549;0.5254902;0.1960784
0.2803346;-0.4474981;0.05435753;0.9372549;0.5254902;0.1960784
0.2803346;-0.4474981;0.05435753;0.9372549;0.5254902;0.1960784
0.253209;-0.4544877;0.04518223;0.9372549;0.5254902;0.1960784
0.253209;-0.4544877;0.04518223;0.9372549;0.5254902;0.1960784
0.2334314;-0.4592483;0.04017782;0.9372549;0.5254902;0.1960784
0.2334314;-0.4592483;0.04017782;0.9372549;0.5254902;0.1960784
0.2140878;-0.4614645;0.0360744;0.9372549;0.5254902;0.1960784
0.2140878;-0.4614645;0.0360744;0.9372549;0.5254902;0.1960784
0.1922185;-0.4648928;0.03673863;0.9372549;0.5254902;0.1960784
0.1922185;-0.4648928;0.03673863;0.9372549;0.5254902;0.1960784
0.177803;-0.4671685;0.03978491;0.9372549;0.5254902;0.1960784
0.177803;-0.4671685;0.03978491;0.9372549;0.5254902;0.1960784
0.1648887;-0.4685316;0.04373896;0.9372549;0.5254902;0.1960784
0.1648887;-0.4685316;0.04373896;0.9372549;0.5254902;0.1960784
0.1513006;-0.4681063;0.04940641;0.9372549;0.5254902;0.1960784
0.1513006;-0.4681063;0.04940641;0.9372549;0.5254902;0.1960784
0.1440528;-0.4670033;0.05431473;0.9372549;0.5254902;0.1960784
0.1440528;-0.4670033;0.05431473;0.9372549;0.5254902;0.1960784
0.1405967;-0.4657475;0.05791235;0.9372549;0.5254902;0.1960784
0.1405967;-0.4657475;0.05791235;0.9372549;0.5254902;0.1960784
0.1371701;-0.4589284;0.06589758;0.9372549;0.5254902;0.1960784
0.1371701;-0.4589284;0.06589758;0.9372549;0.5254902;0.1960784
0.137366;-0.456243;0.06941187;0.9372549;0.5254902;0.1960784
0.1455624;-0.4430937;0.04286385;0.9372549;0.5254902;0.1960784
0.1480255;-0.4412571;0.04098582;0.9372549;0.5254902;0.1960784
0.1480255;-0.4412571;0.04098582;0.9372549;0.5254902;0.1960784
0.1504962;-0.4356054;0.03813314;0.9372549;0.5254902;0.1960784
0.1504962;-0.4356054;0.03813314;0.9372549;0.5254902;0.1960784
0.1528131;-0.4343639;0.03730071;0.9372549;0.5254902;0.1960784
0.1528131;-0.4343639;0.03730071;0.9372549;0.5254902;0.1960784
0.1553915;-0.4339115;0.03884661;0.9372549;0.5254902;0.1960784
0.1553915;-0.4339115;0.03884661;0.9372549;0.5254902;0.1960784
0.1578459;-0.4336399;0.04164267;0.9372549;0.5254902;0.1960784
0.1578459;-0.4336399;0.04164267;0.9372549;0.5254902;0.1960784
0.1612969;-0.4323265;0.0463444;0.9372549;0.5254902;0.1960784
0.1612969;-0.4323265;0.0463444;0.9372549;0.5254902;0.1960784
0.1659705;-0.4312862;0.05581892;0.9372549;0.5254902;0.1960784
0.1659705;-0.4312862;0.05581892;0.9372549;0.5254902;0.1960784
0.172477;-0.4287161;0.0690192;0.9372549;0.5254902;0.1960784
0.172477;-0.4287161;0.0690192;0.9372549;0.5254902;0.1960784
0.1789099;-0.4257647;0.08171475;0.9372549;0.5254902;0.1960784
0.1789099;-0.4257647;0.08171475;0.9372549;0.5254902;0.1960784
0.1811981;-0.424448;0.08644187;0.9372549;0.5254902;0.1960784
0.1811981;-0.424448;0.08644187;0.9372549;0.5254902;0.1960784
0.1925918;-0.4166604;0.1122277;0.9372549;0.5254902;0.1960784
0.1925918;-0.4166604;0.1122277;0.9372549;0.5254902;0.1960784
0.1955172;-0.4104086;0.1229602;0.9372549;0.5254902;0.1960784
0.1955172;-0.4104086;0.1229602;0.9372549;0.5254902;0.1960784
0.2054528;-0.3974126;0.1517346;0.9372549;0.5254902;0.1960784
0.2054528;-0.3974126;0.1517346;0.9372549;0.5254902;0.1960784
0.2097016;-0.3912681;0.1688174;0.9372549;0.5254902;0.1960784
0.2097016;-0.3912681;0.1688174;0.9372549;0.5254902;0.1960784
0.2127573;-0.3844567;0.183499;0.9372549;0.5254902;0.1960784
0.2127573;-0.3844567;0.183499;0.9372549;0.5254902;0.1960784
0.2177371;-0.372537;0.211014;0.9372549;0.5254902;0.1960784
0.2177371;-0.372537;0.211014;0.9372549;0.5254902;0.1960784
0.2196661;-0.3650867;0.2275741;0.9372549;0.5254902;0.1960784
0.2196661;-0.3650867;0.2275741;0.9372549;0.5254902;0.1960784
0.2202528;-0.3569928;0.2484368;0.9372549;0.5254902;0.1960784
0.2202528;-0.3569928;0.2484368;0.9372549;0.5254902;0.1960784
0.218134;-0.3481568;0.2686837;0.9372549;0.5254902;0.1960784
0.218134;-0.3481568;0.2686837;0.9372549;0.5254902;0.1960784
0.2154658;-0.3433257;0.2811538;0.9372549;0.5254902;0.1960784
0.2154658;-0.3433257;0.2811538;0.9372549;0.5254902;0.1960784
0.2133518;-0.3402176;0.2889692;0.9372549;0.5254902;0.1960784
0.2133518;-0.3402176;0.2889692;0.9372549;0.5254902;0.1960784
0.2086106;-0.3347762;0.3034555;0.9372549;0.5254902;0.1960784
0.2086106;-0.3347762;0.3034555;0.9372549;0.5254902;0.1960784
0.2046143;-0.331733;0.312673;0.9372549;0.5254902;0.1960784
0.2046143;-0.331733;0.312673;0.9372549;0.5254902;0.1960784
0.1991905;-0.3285793;0.3209914;0.9372549;0.5254902;0.1960784
0.1991905;-0.3285793;0.3209914;0.9372549;0.5254902;0.1960784
0.1954904;-0.327063;0.3241948;0.9372549;0.5254902;0.1960784
0.1954904;-0.327063;0.3241948;0.9372549;0.5254902;0.1960784
0.1907994;-0.3264501;0.3247178;0.9372549;0.5254902;0.1960784
0.1907994;-0.3264501;0.3247178;0.9372549;0.5254902;0.1960784
0.1880878;-0.3269181;0.3230736;0.9372549;0.5254902;0.1960784
0.1880878;-0.3269181;0.3230736;0.9372549;0.5254902;0.1960784
0.1843273;-0.3285081;0.3175308;0.9372549;0.5254902;0.1960784
0.1843273;-0.3285081;0.3175308;0.9372549;0.5254902;0.1960784
0.1812515;-0.3311875;0.3099558;0.9372549;0.5254902;0.1960784
0.1812515;-0.3311875;0.3099558;0.9372549;0.5254902;0.1960784
0.1779903;-0.33405;0.2994442;0.9372549;0.5254902;0.1960784
0.1779903;-0.33405;0.2994442;0.9372549;0.5254902;0.1960784
0.1737896;-0.3391635;0.2813015;0.9372549;0.5254902;0.1960784
0.1737896;-0.3391635;0.2813015;0.9372549;0.5254902;0.1960784
0.1706991;-0.343433;0.2664771;0.9372549;0.5254902;0.1960784
0.1706991;-0.343433;0.2664771;0.9372549;0.5254902;0.1960784
0.1671718;-0.3482378;0.250283;0.9372549;0.5254902;0.1960784
0.1671718;-0.3482378;0.250283;0.9372549;0.5254902;0.1960784
0.1618545;-0.3549021;0.2279673;0.9372549;0.5254902;0.1960784
0.1618545;-0.3549021;0.2279673;0.9372549;0.5254902;0.1960784
0.1573488;-0.3599929;0.211573;0.9372549;0.5254902;0.1960784
0.1573488;-0.3599929;0.211573;0.9372549;0.5254902;0.1960784
0.1525122;-0.365375;0.1970576;0.9372549;0.5254902;0.1960784
0.1525122;-0.365375;0.1970576;0.9372549;0.5254902;0.1960784
0.1491403;-0.3684565;0.1882933;0.9372549;0.5254902;0.1960784
0.1491403;-0.3684565;0.1882933;0.9372549;0.5254902;0.1960784
0.140906;-0.3755556;0.1723598;0.9372549;0.5254902;0.1960784
0.140906;-0.3755556;0.1723598;0.9372549;0.5254902;0.1960784
0.1378997;-0.3774426;0.1685673;0.9372549;0.5254902;0.1960784
0.1378997;-0.3774426;0.1685673;0.9372549;0.5254902;0.1960784
0.1324339;-0.3795025;0.1663421;0.9372549;0.5254902;0.1960784
0.1324339;-0.3795025;0.1663421;0.9372549;0.5254902;0.1960784
0.128941;-0.3804353;0.1715379;0.9372549;0.5254902;0.1960784
0.128941;-0.3804353;0.1715379;0.9372549;0.5254902;0.1960784
0.1269419;-0.3802612;0.1807709;0.9372549;0.5254902;0.1960784
0.1269419;-0.3802612;0.1807709;0.9372549;0.5254902;0.1960784
0.1250848;-0.3794402;0.1940234;0.9372549;0.5254902;0.1960784
0.1250848;-0.3794402;0.1940234;0.9372549;0.5254902;0.1960784
0.1212371;-0.3779907;0.2160555;0.9372549;0.5254902;0.1960784
0.1212371;-0.3779907;0.2160555;0.9372549;0.5254902;0.1960784
0.1165951;-0.3764656;0.2340456;0.9372549;0.5254902;0.1960784
0.1165951;-0.3764656;0.2340456;0.9372549;0.5254902;0.1960784
0.1123498;-0.376128;0.2468244;0.9372549;0.5254902;0.1960784
0.1123498;-0.376128;0.2468244;0.9372549;0.5254902;0.1960784
0.09814346;-0.3752966;0.2789236;0.9372549;0.5254902;0.1960784
0.09814346;-0.3752966;0.2789236;0.9372549;0.5254902;0.1960784
0.08988352;-0.3750859;0.2923939;0.9372549;0.5254902;0.1960784
0.08988352;-0.3750859;0.2923939;0.9372549;0.5254902;0.1960784
0.073388;-0.3759507;0.3156744;0.9372549;0.5254902;0.1960784
0.073388;-0.3759507;0.3156744;0.9372549;0.5254902;0.1960784
0.06006079;-0.3773732;0.3314258;0.9372549;0.5254902;0.1960784
0.06006079;-0.3773732;0.3314258;0.9372549;0.5254902;0.1960784
0.02640077;-0.3806955;0.3618219;0.9372549;0.5254902;0.1960784
0.02640077;-0.3806955;0.3618219;0.9372549;0.5254902;0.1960784
0.01653141;-0.3821049;0.3669829;0.9372549;0.5254902;0.1960784
0.01653141;-0.3821049;0.3669829;0.9372549;0.5254902;0.1960784
0.003848109;-0.3845674;0.369853;0.9372549;0.5254902;0.1960784
0.003848109;-0.3845674;0.369853;0.9372549;0.5254902;0.1960784
-0.005920172;-0.3871802;0.3678033;0.9372549;0.5254902;0.1960784
-0.005920172;-0.3871802;0.3678033;0.9372549;0.5254902;0.1960784
-0.01306947;-0.3869084;0.3602211;0.9372549;0.5254902;0.1960784
-0.01306947;-0.3869084;0.3602211;0.9372549;0.5254902;0.1960784
-0.01689162;-0.3890853;0.3514528;0.9372549;0.5254902;0.1960784
-0.01689162;-0.3890853;0.3514528;0.9372549;0.5254902;0.1960784
-0.01799676;-0.3910704;0.3438116;0.9372549;0.5254902;0.1960784
-0.01799676;-0.3910704;0.3438116;0.9372549;0.5254902;0.1960784
-0.01770411;-0.3950142;0.3192934;0.9372549;0.5254902;0.1960784
-0.01770411;-0.3950142;0.3192934;0.9372549;0.5254902;0.1960784
-0.01624825;-0.3969746;0.3084247;0.9372549;0.5254902;0.1960784
-0.01624825;-0.3969746;0.3084247;0.9372549;0.5254902;0.1960784
-0.01193856;-0.4001254;0.2848266;0.9372549;0.5254902;0.1960784
-0.01193856;-0.4001254;0.2848266;0.9372549;0.5254902;0.1960784
-0.004528098;-0.3989764;0.2573906;0.9372549;0.5254902;0.1960784
-0.004528098;-0.3989764;0.2573906;0.9372549;0.5254902;0.1960784
0.001062281;-0.3997874;0.2390492;0.9372549;0.5254902;0.1960784
0.001062281;-0.3997874;0.2390492;0.9372549;0.5254902;0.1960784
0.006742958;-0.4009067;0.2195634;0.9372549;0.5254902;0.1960784
0.006742958;-0.4009067;0.2195634;0.9372549;0.5254902;0.1960784
0.01093717;-0.4004044;0.2044917;0.9372549;0.5254902;0.1960784
0.01093717;-0.4004044;0.2044917;0.9372549;0.5254902;0.1960784
0.01263669;-0.4002059;0.1945795;0.9372549;0.5254902;0.1960784
0.01263669;-0.4002059;0.1945795;0.9372549;0.5254902;0.1960784
0.01491011;-0.3977601;0.1727581;0.9372549;0.5254902;0.1960784
0.01491011;-0.3977601;0.1727581;0.9372549;0.5254902;0.1960784
0.01327903;-0.3965901;0.1634797;0.9372549;0.5254902;0.1960784
0.01327903;-0.3965901;0.1634797;0.9372549;0.5254902;0.1960784
0.01111431;-0.3954432;0.1590195;0.9372549;0.5254902;0.1960784
0.01111431;-0.3954432;0.1590195;0.9372549;0.5254902;0.1960784
0.0009248108;-0.3917209;0.1556756;0.9372549;0.5254902;0.1960784
0.0009248108;-0.3917209;0.1556756;0.9372549;0.5254902;0.1960784
-0.01052223;-0.3899404;0.1609443;0.9372549;0.5254902;0.1960784
-0.01052223;-0.3899404;0.1609443;0.9372549;0.5254902;0.1960784
-0.02556771;-0.3883469;0.1715662;0.9372549;0.5254902;0.1960784
-0.02556771;-0.3883469;0.1715662;0.9372549;0.5254902;0.1960784
-0.04263652;-0.3871801;0.1856072;0.9372549;0.5254902;0.1960784
-0.04263652;-0.3871801;0.1856072;0.9372549;0.5254902;0.1960784
-0.05978496;-0.3869032;0.1985313;0.9372549;0.5254902;0.1960784
-0.05978496;-0.3869032;0.1985313;0.9372549;0.5254902;0.1960784
-0.08792554;-0.3861066;0.2168057;0.9372549;0.5254902;0.1960784
-0.08792554;-0.3861066;0.2168057;0.9372549;0.5254902;0.1960784
-0.110828;-0.3860337;0.2278619;0.9372549;0.5254902;0.1960784
-0.110828;-0.3860337;0.2278619;0.9372549;0.5254902;0.1960784
-0.141358;-0.3849833;0.2385931;0.9372549;0.5254902;0.1960784
-0.141358;-0.3849833;0.2385931;0.9372549;0.5254902;0.1960784
-0.1631118;-0.3838666;0.2430931;0.9372549;0.5254902;0.1960784
-0.1631118;-0.3838666;0.2430931;0.9372549;0.5254902;0.1960784
-0.1766132;-0.3830007;0.2449169;0.9372549;0.5254902;0.1960784
-0.1766132;-0.3830007;0.2449169;0.9372549;0.5254902;0.1960784
-0.2016606;-0.3808372;0.2447088;0.9372549;0.5254902;0.1960784
-0.2016606;-0.3808372;0.2447088;0.9372549;0.5254902;0.1960784
-0.2161342;-0.3792053;0.2417245;0.9372549;0.5254902;0.1960784
-0.2161342;-0.3792053;0.2417245;0.9372549;0.5254902;0.1960784
-0.2299004;-0.3769125;0.2351527;0.9372549;0.5254902;0.1960784
-0.2299004;-0.3769125;0.2351527;0.9372549;0.5254902;0.1960784
-0.2356997;-0.3749938;0.229435;0.9372549;0.5254902;0.1960784
-0.2356997;-0.3749938;0.229435;0.9372549;0.5254902;0.1960784
-0.2372855;-0.3727598;0.2235276;0.9372549;0.5254902;0.1960784
-0.2372855;-0.3727598;0.2235276;0.9372549;0.5254902;0.1960784
-0.2358925;-0.3717309;0.2200297;0.9372549;0.5254902;0.1960784
-0.2358925;-0.3717309;0.2200297;0.9372549;0.5254902;0.1960784
-0.2239492;-0.3692709;0.2118144;0.9372549;0.5254902;0.1960784
-0.2239492;-0.3692709;0.2118144;0.9372549;0.5254902;0.1960784
-0.2111456;-0.3672308;0.2074876;0.9372549;0.5254902;0.1960784
-0.2111456;-0.3672308;0.2074876;0.9372549;0.5254902;0.1960784
-0.1953046;-0.3656685;0.2033908;0.9372549;0.5254902;0.1960784
-0.1953046;-0.3656685;0.2033908;0.9372549;0.5254902;0.1960784
-0.1304775;-0.3565884;0.1780491;0.9372549;0.5254902;0.1960784
-0.1304775;-0.3565884;0.1780491;0.9372549;0.5254902;0.1960784
-0.1069201;-0.351494;0.1613424;0.9372549;0.5254902;0.1960784
-0.1069201;-0.351494;0.1613424;0.9372549;0.5254902;0.1960784
-0.09661858;-0.3490882;0.15197;0.9372549;0.5254902;0.1960784
-0.09661858;-0.3490882;0.15197;0.9372549;0.5254902;0.1960784
-0.07742089;-0.3427941;0.1265259;0.9372549;0.5254902;0.1960784
-0.07742089;-0.3427941;0.1265259;0.9372549;0.5254902;0.1960784
-0.07155336;-0.3395153;0.1107649;0.9372549;0.5254902;0.1960784
-0.07155336;-0.3395153;0.1107649;0.9372549;0.5254902;0.1960784
-0.07056898;-0.3372817;0.09462738;0.9372549;0.5254902;0.1960784
-0.07056898;-0.3372817;0.09462738;0.9372549;0.5254902;0.1960784
-0.07594602;-0.3353931;0.07668912;0.9372549;0.5254902;0.1960784
-0.07594602;-0.3353931;0.07668912;0.9372549;0.5254902;0.1960784
-0.08500274;-0.3349681;0.06501293;0.9372549;0.5254902;0.1960784
-0.08500274;-0.3349681;0.06501293;0.9372549;0.5254902;0.1960784
-0.09743556;-0.3352677;0.05512202;0.9372549;0.5254902;0.1960784
-0.09743556;-0.3352677;0.05512202;0.9372549;0.5254902;0.1960784
-0.1142547;-0.3370771;0.04609191;0.9372549;0.5254902;0.1960784
-0.1142547;-0.3370771;0.04609191;0.9372549;0.5254902;0.1960784
-0.1368288;-0.3388452;0.03671682;0.9372549;0.5254902;0.1960784
-0.1368288;-0.3388452;0.03671682;0.9372549;0.5254902;0.1960784
-0.1568869;-0.340957;0.02911365;0.9372549;0.5254902;0.1960784
-0.1568869;-0.340957;0.02911365;0.9372549;0.5254902;0.1960784
-0.1832616;-0.3426965;0.01812696;0.9372549;0.5254902;0.1960784
-0.1832616;-0.3426965;0.01812696;0.9372549;0.5254902;0.1960784
-0.2069389;-0.3437439;0.006434917;0.9372549;0.5254902;0.1960784
-0.2069389;-0.3437439;0.006434917;0.9372549;0.5254902;0.1960784
-0.2283329;-0.3442267;-0.005702853;0.9372549;0.5254902;0.1960784
-0.2283329;-0.3442267;-0.005702853;0.9372549;0.5254902;0.1960784
-0.24204;-0.3445811;-0.01447105;0.9372549;0.5254902;0.1960784
-0.24204;-0.3445811;-0.01447105;0.9372549;0.5254902;0.1960784
-0.2725668;-0.3438691;-0.03688252;0.9372549;0.5254902;0.1960784
-0.2725668;-0.3438691;-0.03688252;0.9372549;0.5254902;0.1960784
-0.2841119;-0.3438151;-0.04625773;0.9372549;0.5254902;0.1960784
-0.2841119;-0.3438151;-0.04625773;0.9372549;0.5254902;0.1960784
-0.3005056;-0.3429801;-0.06127429;0.9372549;0.5254902;0.1960784
-0.3005056;-0.3429801;-0.06127429;0.9372549;0.5254902;0.1960784
-0.3075597;-0.343727;-0.06894588;0.9372549;0.5254902;0.1960784
-0.3075597;-0.343727;-0.06894588;0.9372549;0.5254902;0.1960784
-0.3079362;-0.3456883;-0.07133126;0.9372549;0.5254902;0.1960784
-0.3079362;-0.3456883;-0.07133126;0.9372549;0.5254902;0.1960784
-0.3072129;-0.346379;-0.07125831;0.9372549;0.5254902;0.1960784
-0.3072129;-0.346379;-0.07125831;0.9372549;0.5254902;0.1960784
-0.2921833;-0.3531086;-0.06365001;0.9372549;0.5254902;0.1960784
-0.2921833;-0.3531086;-0.06365001;0.9372549;0.5254902;0.1960784
-0.2707384;-0.3597809;-0.05075359;0.9372549;0.5254902;0.1960784
-0.2707384;-0.3597809;-0.05075359;0.9372549;0.5254902;0.1960784
-0.2574669;-0.3633084;-0.04241335;0.9372549;0.5254902;0.1960784
-0.2574669;-0.3633084;-0.04241335;0.9372549;0.5254902;0.1960784
-0.2191345;-0.3695708;-0.01811099;0.9372549;0.5254902;0.1960784
-0.2191345;-0.3695708;-0.01811099;0.9372549;0.5254902;0.1960784
-0.1938857;-0.3714038;-0.002847195;0.9372549;0.5254902;0.1960784
-0.1938857;-0.3714038;-0.002847195;0.9372549;0.5254902;0.1960784
-0.1684009;-0.3720004;0.01261592;0.9372549;0.5254902;0.1960784
-0.1684009;-0.3720004;0.01261592;0.9372549;0.5254902;0.1960784
-0.1344287;-0.3707056;0.03307772;0.9372549;0.5254902;0.1960784
-0.1344287;-0.3707056;0.03307772;0.9372549;0.5254902;0.1960784
-0.108293;-0.3681923;0.049227;0.9372549;0.5254902;0.1960784
-0.108293;-0.3681923;0.049227;0.9372549;0.5254902;0.1960784
-0.09972632;-0.3670649;0.05483663;0.9372549;0.5254902;0.1960784
-0.09972632;-0.3670649;0.05483663;0.9372549;0.5254902;0.1960784
-0.05679569;-0.3589781;0.08458424;0.9372549;0.5254902;0.1960784
-0.05679569;-0.3589781;0.08458424;0.9372549;0.5254902;0.1960784
-0.0423515;-0.35561;0.09363437;0.9372549;0.5254902;0.1960784
-0.0423515;-0.35561;0.09363437;0.9372549;0.5254902;0.1960784
-0.03850807;-0.3546154;0.09544313;0.9372549;0.5254902;0.1960784
-0.03850807;-0.3546154;0.09544313;0.9372549;0.5254902;0.1960784
-0.02340633;-0.349598;0.09485865;0.9372549;0.5254902;0.1960784
-0.02340633;-0.349598;0.09485865;0.9372549;0.5254902;0.1960784
-0.02009936;-0.3479639;0.08914447;0.9372549;0.5254902;0.1960784
-0.02009936;-0.3479639;0.08914447;0.9372549;0.5254902;0.1960784
-0.01906508;-0.3478399;0.08373952;0.9372549;0.5254902;0.1960784
-0.01906508;-0.3478399;0.08373952;0.9372549;0.5254902;0.1960784
-0.0188889;-0.3505265;0.05632854;0.9372549;0.5254902;0.1960784
-0.0188889;-0.3505265;0.05632854;0.9372549;0.5254902;0.1960784
-0.02111525;-0.3535198;0.03503656;0.9372549;0.5254902;0.1960784
-0.02111525;-0.3535198;0.03503656;0.9372549;0.5254902;0.1960784
-0.02362876;-0.35759;0.01001251;0.9372549;0.5254902;0.1960784
-0.02362876;-0.35759;0.01001251;0.9372549;0.5254902;0.1960784
-0.02524823;-0.3591571;-0.01097226;0.9372549;0.5254902;0.1960784
-0.02524823;-0.3591571;-0.01097226;0.9372549;0.5254902;0.1960784
-0.0266636;-0.3608623;-0.03272045;0.9372549;0.5254902;0.1960784
-0.0266636;-0.3608623;-0.03272045;0.9372549;0.5254902;0.1960784
-0.02842521;-0.3626735;-0.05850136;0.9372549;0.5254902;0.1960784
-0.02842521;-0.3626735;-0.05850136;0.9372549;0.5254902;0.1960784
-0.03004606;-0.3632185;-0.07678032;0.9372549;0.5254902;0.1960784
-0.03004606;-0.3632185;-0.07678032;0.9372549;0.5254902;0.1960784
-0.03217516;-0.3635147;-0.09667718;0.9372549;0.5254902;0.1960784
-0.03217516;-0.3635147;-0.09667718;0.9372549;0.5254902;0.1960784
-0.03456469;-0.3643715;-0.1174215;0.9372549;0.5254902;0.1960784
-0.03456469;-0.3643715;-0.1174215;0.9372549;0.5254902;0.1960784
-0.03586854;-0.3664691;-0.128701;0.9372549;0.5254902;0.1960784
-0.03586854;-0.3664691;-0.128701;0.9372549;0.5254902;0.1960784
-0.03593391;-0.367972;-0.130563;0.9372549;0.5254902;0.1960784
-0.03593391;-0.367972;-0.130563;0.9372549;0.5254902;0.1960784
-0.03438484;-0.3717176;-0.1257529;0.9372549;0.5254902;0.1960784
-0.03438484;-0.3717176;-0.1257529;0.9372549;0.5254902;0.1960784
-0.02992995;-0.3775791;-0.1099739;0.9372549;0.5254902;0.1960784
-0.02992995;-0.3775791;-0.1099739;0.9372549;0.5254902;0.1960784
-0.02537931;-0.3815605;-0.09210682;0.9372549;0.5254902;0.1960784
-0.02537931;-0.3815605;-0.09210682;0.9372549;0.5254902;0.1960784
-0.01910886;-0.3863619;-0.06501675;0.9372549;0.5254902;0.1960784
-0.01910886;-0.3863619;-0.06501675;0.9372549;0.5254902;0.1960784
-0.01332245;-0.3897168;-0.03700149;0.9372549;0.5254902;0.1960784
-0.01332245;-0.3897168;-0.03700149;0.9372549;0.5254902;0.1960784
-0.008367624;-0.3917192;-0.007176995;0.9372549;0.5254902;0.1960784
-0.008367624;-0.3917192;-0.007176995;0.9372549;0.5254902;0.1960784
-0.005090225;-0.3926124;0.01488483;0.9372549;0.5254902;0.1960784
-0.005090225;-0.3926124;0.01488483;0.9372549;0.5254902;0.1960784
-0.001627527;-0.3934004;0.04124951;0.9372549;0.5254902;0.1960784
-0.001627527;-0.3934004;0.04124951;0.9372549;0.5254902;0.1960784
0.001730271;-0.3930911;0.07581162;0.9372549;0.5254902;0.1960784
0.001730271;-0.3930911;0.07581162;0.9372549;0.5254902;0.1960784
0.003531996;-0.3933303;0.1019762;0.9372549;0.5254902;0.1960784
0.003531996;-0.3933303;0.1019762;0.9372549;0.5254902;0.1960784
0.004711065;-0.3930421;0.1223181;0.9372549;0.5254902;0.1960784
0.004711065;-0.3930421;0.1223181;0.9372549;0.5254902;0.1960784
0.006802533;-0.3920879;0.1454324;0.9372549;0.5254902;0.1960784
0.006802533;-0.3920879;0.1454324;0.9372549;0.5254902;0.1960784
0.009977948;-0.3922203;0.158444;0.9372549;0.5254902;0.1960784
0.009977948;-0.3922203;0.158444;0.9372549;0.5254902;0.1960784
0.01376873;-0.3914954;0.1649047;0.9372549;0.5254902;0.1960784
0.01376873;-0.3914954;0.1649047;0.9372549;0.5254902;0.1960784
0.02141621;-0.3906252;0.166205;0.9372549;0.5254902;0.1960784
0.02141621;-0.3906252;0.166205;0.9372549;0.5254902;0.1960784
0.0283255;-0.3901466;0.1616753;0.9372549;0.5254902;0.1960784
0.0283255;-0.3901466;0.1616753;0.9372549;0.5254902;0.1960784
0.03572508;-0.38945;0.1526676;0.9372549;0.5254902;0.1960784
0.03572508;-0.38945;0.1526676;0.9372549;0.5254902;0.1960784
0.04335303;-0.3893031;0.1393971;0.9372549;0.5254902;0.1960784
0.04335303;-0.3893031;0.1393971;0.9372549;0.5254902;0.1960784
0.05340254;-0.3898736;0.1166064;0.9372549;0.5254902;0.1960784
0.05340254;-0.3898736;0.1166064;0.9372549;0.5254902;0.1960784
0.06063771;-0.3897259;0.095981;0.9372549;0.5254902;0.1960784
0.06063771;-0.3897259;0.095981;0.9372549;0.5254902;0.1960784
0.06796802;-0.3911419;0.07187033;0.9372549;0.5254902;0.1960784
0.06796802;-0.3911419;0.07187033;0.9372549;0.5254902;0.1960784
0.07637637;-0.3932044;0.04035699;0.9372549;0.5254902;0.1960784
0.07637637;-0.3932044;0.04035699;0.9372549;0.5254902;0.1960784
0.08226398;-0.3945666;0.01531768;0.9372549;0.5254902;0.1960784
0.08226398;-0.3945666;0.01531768;0.9372549;0.5254902;0.1960784
0.08872254;-0.3953729;-0.0142045;0.9372549;0.5254902;0.1960784
0.08872254;-0.3953729;-0.0142045;0.9372549;0.5254902;0.1960784
0.09502193;-0.3954243;-0.04330623;0.9372549;0.5254902;0.1960784
0.09502193;-0.3954243;-0.04330623;0.9372549;0.5254902;0.1960784
0.1002967;-0.394605;-0.0672996;0.9372549;0.5254902;0.1960784
0.1002967;-0.394605;-0.0672996;0.9372549;0.5254902;0.1960784
0.1121954;-0.3906016;-0.1165612;0.9372549;0.5254902;0.1960784
0.1121954;-0.3906016;-0.1165612;0.9372549;0.5254902;0.1960784
0.1165669;-0.3888589;-0.1292002;0.9372549;0.5254902;0.1960784
0.1165669;-0.3888589;-0.1292002;0.9372549;0.5254902;0.1960784
0.120854;-0.387386;-0.1382105;0.9372549;0.5254902;0.1960784
0.120854;-0.387386;-0.1382105;0.9372549;0.5254902;0.1960784
0.1261653;-0.3867758;-0.1438771;0.9372549;0.5254902;0.1960784
0.1261653;-0.3867758;-0.1438771;0.9372549;0.5254902;0.1960784
0.1284586;-0.3867429;-0.1432589;0.9372549;0.5254902;0.1960784
0.1284586;-0.3867429;-0.1432589;0.9372549;0.5254902;0.1960784
0.1302471;-0.3887794;-0.1356587;0.9372549;0.5254902;0.1960784
0.1302471;-0.3887794;-0.1356587;0.9372549;0.5254902;0.1960784
0.1304788;-0.3909005;-0.1232443;0.9372549;0.5254902;0.1960784
0.1304788;-0.3909005;-0.1232443;0.9372549;0.5254902;0.1960784
0.1290743;-0.3934872;-0.1057208;0.9372549;0.5254902;0.1960784
0.1290743;-0.3934872;-0.1057208;0.9372549;0.5254902;0.1960784
0.1268125;-0.3958436;-0.08781219;0.9372549;0.5254902;0.1960784
0.1268125;-0.3958436;-0.08781219;0.9372549;0.5254902;0.1960784
0.1211798;-0.4007619;-0.057006;0.9372549;0.5254902;0.1960784
0.1211798;-0.4007619;-0.057006;0.9372549;0.5254902;0.1960784
0.1156682;-0.4042338;-0.03376281;0.9372549;0.5254902;0.1960784
0.1156682;-0.4042338;-0.03376281;0.9372549;0.5254902;0.1960784
0.1063511;-0.4082171;-0.00460887;0.9372549;0.5254902;0.1960784
0.1063511;-0.4082171;-0.00460887;0.9372549;0.5254902;0.1960784
0.09853037;-0.4100648;0.01450813;0.9372549;0.5254902;0.1960784
0.09853037;-0.4100648;0.01450813;0.9372549;0.5254902;0.1960784
0.09122001;-0.4111583;0.03122246;0.9372549;0.5254902;0.1960784
0.09122001;-0.4111583;0.03122246;0.9372549;0.5254902;0.1960784
0.08322808;-0.4118818;0.04972625;0.9372549;0.5254902;0.1960784
0.08322808;-0.4118818;0.04972625;0.9372549;0.5254902;0.1960784
0.08060131;-0.4114667;0.05801249;0.9372549;0.5254902;0.1960784
0.08060131;-0.4114667;0.05801249;0.9372549;0.5254902;0.1960784
0.08032364;-0.4107339;0.06357205;0.9372549;0.5254902;0.1960784
0.08032364;-0.4107339;0.06357205;0.9372549;0.5254902;0.1960784
0.0838713;-0.4095607;0.06535065;0.9372549;0.5254902;0.1960784
0.0838713;-0.4095607;0.06535065;0.9372549;0.5254902;0.1960784
0.09068897;-0.4082228;0.06343424;0.9372549;0.5254902;0.1960784
0.09068897;-0.4082228;0.06343424;0.9372549;0.5254902;0.1960784
0.1010902;-0.4064422;0.05846679;0.9372549;0.5254902;0.1960784
0.1010902;-0.4064422;0.05846679;0.9372549;0.5254902;0.1960784
0.1135577;-0.4045329;0.05172563;0.9372549;0.5254902;0.1960784
0.1135577;-0.4045329;0.05172563;0.9372549;0.5254902;0.1960784
0.1332095;-0.4023342;0.04060519;0.9372549;0.5254902;0.1960784
0.1332095;-0.4023342;0.04060519;0.9372549;0.5254902;0.1960784
0.1503251;-0.4002269;0.03127742;0.9372549;0.5254902;0.1960784
0.1503251;-0.4002269;0.03127742;0.9372549;0.5254902;0.1960784
0.1706139;-0.3974434;0.02185357;0.9372549;0.5254902;0.1960784
0.1706139;-0.3974434;0.02185357;0.9372549;0.5254902;0.1960784
0.1822028;-0.395931;0.01727676;0.9372549;0.5254902;0.1960784
0.1822028;-0.395931;0.01727676;0.9372549;0.5254902;0.1960784
0.2175356;-0.39092;0.006604433;0.9372549;0.5254902;0.1960784
0.2175356;-0.39092;0.006604433;0.9372549;0.5254902;0.1960784
0.2311396;-0.3890009;0.003293395;0.9372549;0.5254902;0.1960784
0.2311396;-0.3890009;0.003293395;0.9372549;0.5254902;0.1960784
0.2572044;-0.3849418;-0.001107335;0.9372549;0.5254902;0.1960784
0.2572044;-0.3849418;-0.001107335;0.9372549;0.5254902;0.1960784
0.2811894;-0.3805441;-0.003002405;0.9372549;0.5254902;0.1960784
0.2811894;-0.3805441;-0.003002405;0.9372549;0.5254902;0.1960784
0.2966512;-0.3771306;-0.003155351;0.9372549;0.5254902;0.1960784
0.2966512;-0.3771306;-0.003155351;0.9372549;0.5254902;0.1960784
0.3102842;-0.373906;-0.002385497;0.9372549;0.5254902;0.1960784
0.3102842;-0.373906;-0.002385497;0.9372549;0.5254902;0.1960784
0.3210843;-0.3711275;0.0001015663;0.9372549;0.5254902;0.1960784
0.3210843;-0.3711275;0.0001015663;0.9372549;0.5254902;0.1960784
0.3260172;-0.3693761;0.002840161;0.9372549;0.5254902;0.1960784
0.3260172;-0.3693761;0.002840161;0.9372549;0.5254902;0.1960784
0.32726;-0.3685624;0.005383492;0.9372549;0.5254902;0.1960784
0.32726;-0.3685624;0.005383492;0.9372549;0.5254902;0.1960784
0.3245118;-0.3679983;0.01464725;0.9372549;0.5254902;0.1960784
0.3245118;-0.3679983;0.01464725;0.9372549;0.5254902;0.1960784
0.3212487;-0.3685;0.01994371;0.9372549;0.5254902;0.1960784
0.3212487;-0.3685;0.01994371;0.9372549;0.5254902;0.1960784
0.3071775;-0.3709854;0.03598547;0.9372549;0.5254902;0.1960784
0.3071775;-0.3709854;0.03598547;0.9372549;0.5254902;0.1960784
0.303369;-0.3717993;0.03954375;0.9372549;0.5254902;0.1960784
0.303369;-0.3717993;0.03954375;0.9372549;0.5254902;0.1960784
0.2571944;-0.3820447;0.07210612;0.9372549;0.5254902;0.1960784
0.2571944;-0.3820447;0.07210612;0.9372549;0.5254902;0.1960784
0.2352558;-0.3863732;0.08342755;0.9372549;0.5254902;0.1960784
0.2352558;-0.3863732;0.08342755;0.9372549;0.5254902;0.1960784
0.2110883;-0.3913469;0.09280062;0.9372549;0.5254902;0.1960784
0.2110883;-0.3913469;0.09280062;0.9372549;0.5254902;0.1960784
0.1950604;-0.3940467;0.09738243;0.9372549;0.5254902;0.1960784
0.1950604;-0.3940467;0.09738243;0.9372549;0.5254902;0.1960784
0.1614801;-0.399816;0.1039659;0.9372549;0.5254902;0.1960784
0.1614801;-0.399816;0.1039659;0.9372549;0.5254902;0.1960784
0.1363268;-0.4027045;0.1076357;0.9372549;0.5254902;0.1960784
0.1363268;-0.4027045;0.1076357;0.9372549;0.5254902;0.1960784
0.1064021;-0.4057408;0.1133418;0.9372549;0.5254902;0.1960784
0.1064021;-0.4057408;0.1133418;0.9372549;0.5254902;0.1960784
0.08718246;-0.4063514;0.118698;0.9372549;0.5254902;0.1960784
0.08718246;-0.4063514;0.118698;0.9372549;0.5254902;0.1960784
0.06773403;-0.4060139;0.1274685;0.9372549;0.5254902;0.1960784
0.06773403;-0.4060139;0.1274685;0.9372549;0.5254902;0.1960784
0.06014567;-0.4049543;0.1319461;0.9372549;0.5254902;0.1960784
0.06014567;-0.4049543;0.1319461;0.9372549;0.5254902;0.1960784
0.05061873;-0.4019642;0.141229;0.9372549;0.5254902;0.1960784
0.05061873;-0.4019642;0.141229;0.9372549;0.5254902;0.1960784
0.0473825;-0.3980208;0.147525;0.9372549;0.5254902;0.1960784
0.0473825;-0.3980208;0.147525;0.9372549;0.5254902;0.1960784
0.04781304;-0.3909514;0.1550624;0.9372549;0.5254902;0.1960784
0.04781304;-0.3909514;0.1550624;0.9372549;0.5254902;0.1960784
0.05104677;-0.3847324;0.1598165;0.9372549;0.5254902;0.1960784
0.1266618;-0.322015;0.1010147;0.9372549;0.5254902;0.1960784
0.1269899;-0.3239438;0.1013757;0.9372549;0.5254902;0.1960784
0.1269899;-0.3239438;0.1013757;0.9372549;0.5254902;0.1960784
0.1279144;-0.3268303;0.100745;0.9372549;0.5254902;0.1960784
0.1279144;-0.3268303;0.100745;0.9372549;0.5254902;0.1960784
0.1304882;-0.3356963;0.09789538;0.9372549;0.5254902;0.1960784
0.1304882;-0.3356963;0.09789538;0.9372549;0.5254902;0.1960784
0.133423;-0.3402272;0.09442425;0.9372549;0.5254902;0.1960784
0.133423;-0.3402272;0.09442425;0.9372549;0.5254902;0.1960784
0.1376238;-0.3449928;0.09132636;0.9372549;0.5254902;0.1960784
0.1376238;-0.3449928;0.09132636;0.9372549;0.5254902;0.1960784
0.1431409;-0.3481927;0.08622432;0.9372549;0.5254902;0.1960784
0.1431409;-0.3481927;0.08622432;0.9372549;0.5254902;0.1960784
0.151994;-0.3523338;0.0773952;0.9372549;0.5254902;0.1960784
0.151994;-0.3523338;0.0773952;0.9372549;0.5254902;0.1960784
0.1602322;-0.3550522;0.06712961;0.9372549;0.5254902;0.1960784
0.1602322;-0.3550522;0.06712961;0.9372549;0.5254902;0.1960784
0.1704853;-0.3581168;0.05269158;0.9372549;0.5254902;0.1960784
0.1704853;-0.3581168;0.05269158;0.9372549;0.5254902;0.1960784
0.1843653;-0.3613223;0.03056216;0.9372549;0.5254902;0.1960784
0.1843653;-0.3613223;0.03056216;0.9372549;0.5254902;0.1960784
0.1915349;-0.3630051;0.01794064;0.9372549;0.5254902;0.1960784
0.1915349;-0.3630051;0.01794064;0.9372549;0.5254902;0.1960784
0.2080926;-0.3626882;-0.01841617;0.9372549;0.5254902;0.1960784
0.2080926;-0.3626882;-0.01841617;0.9372549;0.5254902;0.1960784
0.218004;-0.3637229;-0.03893268;0.9372549;0.5254902;0.1960784
0.218004;-0.3637229;-0.03893268;0.9372549;0.5254902;0.1960784
0.2247163;-0.3638408;-0.05229807;0.9372549;0.5254902;0.1960784
0.2247163;-0.3638408;-0.05229807;0.9372549;0.5254902;0.1960784
0.2384548;-0.3637961;-0.07877338;0.9372549;0.5254902;0.1960784
0.2384548;-0.3637961;-0.07877338;0.9372549;0.5254902;0.1960784
0.24446;-0.3633345;-0.09210193;0.9372549;0.5254902;0.1960784
0.24446;-0.3633345;-0.09210193;0.9372549;0.5254902;0.1960784
0.2485986;-0.3637378;-0.1016695;0.9372549;0.5254902;0.1960784
0.2485986;-0.3637378;-0.1016695;0.9372549;0.5254902;0.1960784
0.2511543;-0.363823;-0.1100607;0.9372549;0.5254902;0.1960784
0.2511543;-0.363823;-0.1100607;0.9372549;0.5254902;0.1960784
0.2507653;-0.3642566;-0.1128577;0.9372549;0.5254902;0.1960784
0.2507653;-0.3642566;-0.1128577;0.9372549;0.5254902;0.1960784
0.2425944;-0.3652646;-0.1066692;0.9372549;0.5254902;0.1960784
0.2425944;-0.3652646;-0.1066692;0.9372549;0.5254902;0.1960784
0.2312279;-0.3673305;-0.09423649;0.9372549;0.5254902;0.1960784
0.2312279;-0.3673305;-0.09423649;0.9372549;0.5254902;0.1960784
0.2239538;-0.3692445;-0.08561182;0.9372549;0.5254902;0.1960784
0.2239538;-0.3692445;-0.08561182;0.9372549;0.5254902;0.1960784
0.206611;-0.3724141;-0.06630659;0.9372549;0.5254902;0.1960784
0.206611;-0.3724141;-0.06630659;0.9372549;0.5254902;0.1960784
0.1906138;-0.3711974;-0.04924881;0.9372549;0.5254902;0.1960784
0.1906138;-0.3711974;-0.04924881;0.9372549;0.5254902;0.1960784
0.1710846;-0.372746;-0.02735734;0.9372549;0.5254902;0.1960784
0.1710846;-0.372746;-0.02735734;0.9372549;0.5254902;0.1960784
0.1527414;-0.3739313;-0.007266283;0.9372549;0.5254902;0.1960784
0.1527414;-0.3739313;-0.007266283;0.9372549;0.5254902;0.1960784
0.1398784;-0.3746628;0.006211162;0.9372549;0.5254902;0.1960784
0.1398784;-0.3746628;0.006211162;0.9372549;0.5254902;0.1960784
0.1178316;-0.3751622;0.02811158;0.9372549;0.5254902;0.1960784
0.1178316;-0.3751622;0.02811158;0.9372549;0.5254902;0.1960784
0.1089615;-0.3749766;0.0368433;0.9372549;0.5254902;0.1960784
0.1089615;-0.3749766;0.0368433;0.9372549;0.5254902;0.1960784
0.09549288;-0.3701766;0.05063713;0.9372549;0.5254902;0.1960784
0.09549288;-0.3701766;0.05063713;0.9372549;0.5254902;0.1960784
0.09912052;-0.3699974;0.04674757;0.9372549;0.5254902;0.1960784
0.09912052;-0.3699974;0.04674757;0.9372549;0.5254902;0.1960784
0.1036023;-0.3705843;0.04173112;0.9372549;0.5254902;0.1960784
0.1036023;-0.3705843;0.04173112;0.9372549;0.5254902;0.1960784
0.1205887;-0.3736099;0.02119374;0.9372549;0.5254902;0.1960784
0.1205887;-0.3736099;0.02119374;0.9372549;0.5254902;0.1960784
0.1328193;-0.3760555;0.004058242;0.9372549;0.5254902;0.1960784
0.1328193;-0.3760555;0.004058242;0.9372549;0.5254902;0.1960784
0.1528684;-0.3801104;-0.0253464;0.9372549;0.5254902;0.1960784
0.1528684;-0.3801104;-0.0253464;0.9372549;0.5254902;0.1960784
0.1692601;-0.3844129;-0.05254138;0.9372549;0.5254902;0.1960784
0.1692601;-0.3844129;-0.05254138;0.9372549;0.5254902;0.1960784
0.1834854;-0.3874071;-0.07766795;0.9372549;0.5254902;0.1960784
0.1834854;-0.3874071;-0.07766795;0.9372549;0.5254902;0.1960784
0.2015755;-0.3868685;-0.11831;0.9372549;0.5254902;0.1960784
0.2015755;-0.3868685;-0.11831;0.9372549;0.5254902;0.1960784
0.2098912;-0.3879778;-0.1369834;0.9372549;0.5254902;0.1960784
0.2098912;-0.3879778;-0.1369834;0.9372549;0.5254902;0.1960784
0.2244285;-0.3891899;-0.1727673;0.9372549;0.5254902;0.1960784
0.2244285;-0.3891899;-0.1727673;0.9372549;0.5254902;0.1960784
0.2320023;-0.3902136;-0.1973624;0.9372549;0.5254902;0.1960784
0.2320023;-0.3902136;-0.1973624;0.9372549;0.5254902;0.1960784
0.2376111;-0.3913049;-0.2247704;0.9372549;0.5254902;0.1960784
0.2376111;-0.3913049;-0.2247704;0.9372549;0.5254902;0.1960784
0.2386;-0.3914624;-0.2411402;0.9372549;0.5254902;0.1960784
0.2386;-0.3914624;-0.2411402;0.9372549;0.5254902;0.1960784
0.2353994;-0.3928732;-0.2550128;0.9372549;0.5254902;0.1960784
0.2353994;-0.3928732;-0.2550128;0.9372549;0.5254902;0.1960784
0.2338575;-0.3929867;-0.2572842;0.9372549;0.5254902;0.1960784
0.2338575;-0.3929867;-0.2572842;0.9372549;0.5254902;0.1960784
0.2219425;-0.3944129;-0.2588874;0.9372549;0.5254902;0.1960784
0.2219425;-0.3944129;-0.2588874;0.9372549;0.5254902;0.1960784
0.2104193;-0.3956417;-0.251532;0.9372549;0.5254902;0.1960784
0.2104193;-0.3956417;-0.251532;0.9372549;0.5254902;0.1960784
0.1985188;-0.396521;-0.2403263;0.9372549;0.5254902;0.1960784
0.1985188;-0.396521;-0.2403263;0.9372549;0.5254902;0.1960784
0.1785077;-0.3967666;-0.216993;0.9372549;0.5254902;0.1960784
0.1785077;-0.3967666;-0.216993;0.9372549;0.5254902;0.1960784
0.1619297;-0.3963307;-0.1955726;0.9372549;0.5254902;0.1960784
0.1619297;-0.3963307;-0.1955726;0.9372549;0.5254902;0.1960784
0.1383021;-0.3940355;-0.1646054;0.9372549;0.5254902;0.1960784
0.1383021;-0.3940355;-0.1646054;0.9372549;0.5254902;0.1960784
0.1213109;-0.39096;-0.1414959;0.9372549;0.5254902;0.1960784
0.1213109;-0.39096;-0.1414959;0.9372549;0.5254902;0.1960784
0.1050762;-0.3863904;-0.1183118;0.9372549;0.5254902;0.1960784
0.1050762;-0.3863904;-0.1183118;0.9372549;0.5254902;0.1960784
0.09477019;-0.382281;-0.1020261;0.9372549;0.5254902;0.1960784
0.09477019;-0.382281;-0.1020261;0.9372549;0.5254902;0.1960784
0.0746576;-0.3714519;-0.07010508;0.9372549;0.5254902;0.1960784
0.0746576;-0.3714519;-0.07010508;0.9372549;0.5254902;0.1960784
0.06322699;-0.3628869;-0.05323231;0.9372549;0.5254902;0.1960784
0.06322699;-0.3628869;-0.05323231;0.9372549;0.5254902;0.1960784
0.06105456;-0.3611097;-0.05019319;0.9372549;0.5254902;0.1960784
0.06105456;-0.3611097;-0.05019319;0.9372549;0.5254902;0.1960784
0.05406979;-0.3546686;-0.04572749;0.9372549;0.5254902;0.1960784
0.05406979;-0.3546686;-0.04572749;0.9372549;0.5254902;0.1960784
0.05257406;-0.3539;-0.04810548;0.9372549;0.5254902;0.1960784
0.05257406;-0.3539;-0.04810548;0.9372549;0.5254902;0.1960784
0.04947297;-0.3550622;-0.06558073;0.9372549;0.5254902;0.1960784
0.04947297;-0.3550622;-0.06558073;0.9372549;0.5254902;0.1960784
0.04692864;-0.3585531;-0.08307111;0.9372549;0.5254902;0.1960784
0.04692864;-0.3585531;-0.08307111;0.9372549;0.5254902;0.1960784
0.04312893;-0.361753;-0.1008084;0.9372549;0.5254902;0.1960784
0.04312893;-0.361753;-0.1008084;0.9372549;0.5254902;0.1960784
0.03950713;-0.3646428;-0.114653;0.9372549;0.5254902;0.1960784
0.03950713;-0.3646428;-0.114653;0.9372549;0.5254902;0.1960784
0.02413594;-0.3711791;-0.1487689;0.9372549;0.5254902;0.1960784
0.02413594;-0.3711791;-0.1487689;0.9372549;0.5254902;0.1960784
0.01131601;-0.3743336;-0.1670523;0.9372549;0.5254902;0.1960784
0.01131601;-0.3743336;-0.1670523;0.9372549;0.5254902;0.1960784
0.0008803047;-0.3758688;-0.1771703;0.9372549;0.5254902;0.1960784
0.0008803047;-0.3758688;-0.1771703;0.9372549;0.5254902;0.1960784
-0.05395097;-0.3771988;-0.2053139;0.9372549;0.5254902;0.1960784
-0.05395097;-0.3771988;-0.2053139;0.9372549;0.5254902;0.1960784
-0.07474283;-0.3757312;-0.2082233;0.9372549;0.5254902;0.1960784
-0.07474283;-0.3757312;-0.2082233;0.9372549;0.5254902;0.1960784
-0.09727726;-0.373889;-0.2070892;0.9372549;0.5254902;0.1960784
-0.09727726;-0.373889;-0.2070892;0.9372549;0.5254902;0.1960784
-0.1176353;-0.3715552;-0.2024063;0.9372549;0.5254902;0.1960784
-0.1176353;-0.3715552;-0.2024063;0.9372549;0.5254902;0.1960784
-0.1393885;-0.3689288;-0.1929868;0.9372549;0.5254902;0.1960784
-0.1393885;-0.3689288;-0.1929868;0.9372549;0.5254902;0.1960784
-0.1587705;-0.3658173;-0.1809027;0.9372549;0.5254902;0.1960784
-0.1587705;-0.3658173;-0.1809027;0.9372549;0.5254902;0.1960784
-0.1725219;-0.3625361;-0.1697057;0.9372549;0.5254902;0.1960784
-0.1725219;-0.3625361;-0.1697057;0.9372549;0.5254902;0.1960784
-0.1830238;-0.3597701;-0.1580036;0.9372549;0.5254902;0.1960784
-0.1830238;-0.3597701;-0.1580036;0.9372549;0.5254902;0.1960784
-0.1909678;-0.3557712;-0.1418431;0.9372549;0.5254902;0.1960784
-0.1909678;-0.3557712;-0.1418431;0.9372549;0.5254902;0.1960784
-0.1915948;-0.3531933;-0.1287613;0.9372549;0.5254902;0.1960784
-0.1915948;-0.3531933;-0.1287613;0.9372549;0.5254902;0.1960784
-0.1889757;-0.3518721;-0.1193069;0.9372549;0.5254902;0.1960784
-0.1889757;-0.3518721;-0.1193069;0.9372549;0.5254902;0.1960784
-0.1734162;-0.3490568;-0.09358919;0.9372549;0.5254902;0.1960784
-0.1734162;-0.3490568;-0.09358919;0.9372549;0.5254902;0.1960784
-0.1634474;-0.3480859;-0.08229613;0.9372549;0.5254902;0.1960784
-0.1634474;-0.3480859;-0.08229613;0.9372549;0.5254902;0.1960784
-0.1395937;-0.3463312;-0.06019247;0.9372549;0.5254902;0.1960784
-0.1395937;-0.3463312;-0.06019247;0.9372549;0.5254902;0.1960784
-0.1108856;-0.3439344;-0.03802288;0.9372549;0.5254902;0.1960784
-0.1108856;-0.3439344;-0.03802288;0.9372549;0.5254902;0.1960784
-0.08754931;-0.3419175;-0.02167594;0.9372549;0.5254902;0.1960784
-0.08754931;-0.3419175;-0.02167594;0.9372549;0.5254902;0.1960784
-0.07974309;-0.3410364;-0.01624143;0.9372549;0.5254902;0.1960784
-0.07974309;-0.3410364;-0.01624143;0.9372549;0.5254902;0.1960784
-0.04111797;-0.3358142;0.008388162;0.9372549;0.5254902;0.1960784
-0.04111797;-0.3358142;0.008388162;0.9372549;0.5254902;0.1960784
-0.0124387;-0.3297426;0.02510631;0.9372549;0.5254902;0.1960784
-0.0124387;-0.3297426;0.02510631;0.9372549;0.5254902;0.1960784
-0.0004843958;-0.3267854;0.03105462;0.9372549;0.5254902;0.1960784
-0.0004843958;-0.3267854;0.03105462;0.9372549;0.5254902;0.1960784
0.01771908;-0.3199711;0.03777087;0.9372549;0.5254902;0.1960784
0.01771908;-0.3199711;0.03777087;0.9372549;0.5254902;0.1960784
0.02730104;-0.3153048;0.0392468;0.9372549;0.5254902;0.1960784
0.02730104;-0.3153048;0.0392468;0.9372549;0.5254902;0.1960784
0.03258386;-0.3096069;0.03769529;0.9372549;0.5254902;0.1960784
0.03258386;-0.3096069;0.03769529;0.9372549;0.5254902;0.1960784
0.03125193;-0.3065462;0.0355562;0.9372549;0.5254902;0.1960784
0.03125193;-0.3065462;0.0355562;0.9372549;0.5254902;0.1960784
0.02205826;-0.303374;0.03088391;0.9372549;0.5254902;0.1960784
0.02205826;-0.303374;0.03088391;0.9372549;0.5254902;0.1960784
0.01854381;-0.3028525;0.02971542;0.9372549;0.5254902;0.1960784
0.01854381;-0.3028525;0.02971542;0.9372549;0.5254902;0.1960784
-0.00624501;-0.301732;0.02188551;0.9372549;0.5254902;0.1960784
-0.00624501;-0.301732;0.02188551;0.9372549;0.5254902;0.1960784
-0.05057898;-0.3034565;0.01107025;0.9372549;0.5254902;0.1960784
-0.05057898;-0.3034565;0.01107025;0.9372549;0.5254902;0.1960784
-0.08630939;-0.3047208;0.005717635;0.9372549;0.5254902;0.1960784
-0.08630939;-0.3047208;0.005717635;0.9372549;0.5254902;0.1960784
-0.1146823;-0.3066419;0.00394249;0.9372549;0.5254902;0.1960784
-0.1146823;-0.3066419;0.00394249;0.9372549;0.5254902;0.1960784
-0.1535346;-0.3073086;0.003373027;0.9372549;0.5254902;0.1960784
-0.1535346;-0.3073086;0.003373027;0.9372549;0.5254902;0.1960784
-0.1815351;-0.3085603;0.005946755;0.9372549;0.5254902;0.1960784
-0.1815351;-0.3085603;0.005946755;0.9372549;0.5254902;0.1960784
-0.2162532;-0.3082969;0.011006;0.9372549;0.5254902;0.1960784
-0.2162532;-0.3082969;0.011006;0.9372549;0.5254902;0.1960784
-0.2260503;-0.3081197;0.01308811;0.9372549;0.5254902;0.1960784
-0.2260503;-0.3081197;0.01308811;0.9372549;0.5254902;0.1960784
-0.2579701;-0.3057809;0.02287877;0.9372549;0.5254902;0.1960784
-0.2579701;-0.3057809;0.02287877;0.9372549;0.5254902;0.1960784
-0.2699329;-0.3044037;0.03114748;0.9372549;0.5254902;0.1960784
-0.2699329;-0.3044037;0.03114748;0.9372549;0.5254902;0.1960784
-0.2785614;-0.3010328;0.05712843;0.9372549;0.5254902;0.1960784
-0.2785614;-0.3010328;0.05712843;0.9372549;0.5254902;0.1960784
-0.2729558;-0.3005824;0.06926417;0.9372549;0.5254902;0.1960784
-0.2729558;-0.3005824;0.06926417;0.9372549;0.5254902;0.1960784
-0.262141;-0.3009005;0.08180523;0.9372549;0.5254902;0.1960784
-0.262141;-0.3009005;0.08180523;0.9372549;0.5254902;0.1960784
-0.2476593;-0.3016284;0.09345698;0.9372549;0.5254902;0.1960784
-0.2476593;-0.3016284;0.09345698;0.9372549;0.5254902;0.1960784
-0.2227906;-0.3033084;0.1083932;0.9372549;0.5254902;0.1960784
-0.2227906;-0.3033084;0.1083932;0.9372549;0.5254902;0.1960784
-0.2005833;-0.3052197;0.1182266;0.9372549;0.5254902;0.1960784
-0.2005833;-0.3052197;0.1182266;0.9372549;0.5254902;0.1960784
-0.1737491;-0.3077372;0.1262008;0.9372549;0.5254902;0.1960784
-0.1737491;-0.3077372;0.1262008;0.9372549;0.5254902;0.1960784
-0.1578366;-0.3093834;0.1296526;0.9372549;0.5254902;0.1960784
-0.1578366;-0.3093834;0.1296526;0.9372549;0.5254902;0.1960784
-0.1087765;-0.3140462;0.136062;0.9372549;0.5254902;0.1960784
-0.1087765;-0.3140462;0.136062;0.9372549;0.5254902;0.1960784
-0.07660928;-0.3163522;0.1384957;0.9372549;0.5254902;0.1960784
-0.07660928;-0.3163522;0.1384957;0.9372549;0.5254902;0.1960784
-0.02933054;-0.3180683;0.1400421;0.9372549;0.5254902;0.1960784
-0.02933054;-0.3180683;0.1400421;0.9372549;0.5254902;0.1960784
0.00434462;-0.3180079;0.1401578;0.9372549;0.5254902;0.1960784
0.00434462;-0.3180079;0.1401578;0.9372549;0.5254902;0.1960784
0.03710514;-0.317367;0.1400746;0.9372549;0.5254902;0.1960784
0.03710514;-0.317367;0.1400746;0.9372549;0.5254902;0.1960784
0.06782543;-0.3154468;0.1396022;0.9372549;0.5254902;0.1960784
0.06782543;-0.3154468;0.1396022;0.9372549;0.5254902;0.1960784
0.1042491;-0.3110584;0.14074;0.9372549;0.5254902;0.1960784
0.1042491;-0.3110584;0.14074;0.9372549;0.5254902;0.1960784
0.1276782;-0.3077442;0.1448298;0.9372549;0.5254902;0.1960784
0.1276782;-0.3077442;0.1448298;0.9372549;0.5254902;0.1960784
0.1533754;-0.3033867;0.1551776;0.9372549;0.5254902;0.1960784
0.1533754;-0.3033867;0.1551776;0.9372549;0.5254902;0.1960784
0.1636699;-0.3011518;0.1616801;0.9372549;0.5254902;0.1960784
0.1636699;-0.3011518;0.1616801;0.9372549;0.5254902;0.1960784
0.1785295;-0.295989;0.1752861;0.9372549;0.5254902;0.1960784
0.1785295;-0.295989;0.1752861;0.9372549;0.5254902;0.1960784
0.1854576;-0.2934406;0.1862973;0.9372549;0.5254902;0.1960784
0.1854576;-0.2934406;0.1862973;0.9372549;0.5254902;0.1960784
0.1875051;-0.2870814;0.1982987;0.9372549;0.5254902;0.1960784
0.1875051;-0.2870814;0.1982987;0.9372549;0.5254902;0.1960784
0.1861241;-0.2855716;0.2080554;0.9372549;0.5254902;0.1960784
0.1861241;-0.2855716;0.2080554;0.9372549;0.5254902;0.1960784
0.1815574;-0.2843193;0.2149704;0.9372549;0.5254902;0.1960784
0.1815574;-0.2843193;0.2149704;0.9372549;0.5254902;0.1960784
0.1778273;-0.2839228;0.21665;0.9372549;0.5254902;0.1960784
0.1778273;-0.2839228;0.21665;0.9372549;0.5254902;0.1960784
0.1620536;-0.2874097;0.2156825;0.9372549;0.5254902;0.1960784
0.1620536;-0.2874097;0.2156825;0.9372549;0.5254902;0.1960784
0.1486111;-0.2893721;0.2120059;0.9372549;0.5254902;0.1960784
0.1486111;-0.2893721;0.2120059;0.9372549;0.5254902;0.1960784
0.1344986;-0.2905835;0.204132;0.9372549;0.5254902;0.1960784
0.1344986;-0.2905835;0.204132;0.9372549;0.5254902;0.1960784
0.1098489;-0.2954992;0.1957769;0.9372549;0.5254902;0.1960784
0.1098489;-0.2954992;0.1957769;0.9372549;0.5254902;0.1960784
0.09396457;-0.2988481;0.190148;0.9372549;0.5254902;0.1960784
0.09396457;-0.2988481;0.190148;0.9372549;0.5254902;0.1960784
0.05558298;-0.305604;0.1756195;0.9372549;0.5254902;0.1960784
0.05558298;-0.305604;0.1756195;0.9372549;0.5254902;0.1960784
0.03084777;-0.3099678;0.1672527;0.9372549;0.5254902;0.1960784
0.03084777;-0.3099678;0.1672527;0.9372549;0.5254902;0.1960784
0.005473761;-0.3133097;0.160041;0.9372549;0.5254902;0.1960784
0.005473761;-0.3133097;0.160041;0.9372549;0.5254902;0.1960784
-0.02781323;-0.3165759;0.1548314;0.9372549;0.5254902;0.1960784
-0.02781323;-0.3165759;0.1548314;0.9372549;0.5254902;0.1960784
-0.05202708;-0.3189896;0.1558154;0.9372549;0.5254902;0.1960784
-0.05202708;-0.3189896;0.1558154;0.9372549;0.5254902;0.1960784
-0.07473198;-0.3206395;0.1612709;0.9372549;0.5254902;0.1960784
-0.07473198;-0.3206395;0.1612709;0.9372549;0.5254902;0.1960784
-0.1007875;-0.3217824;0.1741037;0.9372549;0.5254902;0.1960784
-0.1007875;-0.3217824;0.1741037;0.9372549;0.5254902;0.1960784
-0.1201851;-0.3216453;0.1902763;0.9372549;0.5254902;0.1960784
-0.1201851;-0.3216453;0.1902763;0.9372549;0.5254902;0.1960784
-0.1470497;-0.3180269;0.2336417;0.9372549;0.5254902;0.1960784
-0.1470497;-0.3180269;0.2336417;0.9372549;0.5254902;0.1960784
-0.1579349;-0.3146754;0.2593831;0.9372549;0.5254902;0.1960784
-0.1579349;-0.3146754;0.2593831;0.9372549;0.5254902;0.1960784
-0.1645394;-0.3109312;0.2838731;0.9372549;0.5254902;0.1960784
-0.1645394;-0.3109312;0.2838731;0.9372549;0.5254902;0.1960784
-0.169214;-0.3062395;0.3108693;0.9372549;0.5254902;0.1960784
-0.169214;-0.3062395;0.3108693;0.9372549;0.5254902;0.1960784
-0.1703162;-0.3037662;0.3246231;0.9372549;0.5254902;0.1960784
-0.1703162;-0.3037662;0.3246231;0.9372549;0.5254902;0.1960784
-0.1691363;-0.2989583;0.3502281;0.9372549;0.5254902;0.1960784
-0.1691363;-0.2989583;0.3502281;0.9372549;0.5254902;0.1960784
-0.165893;-0.2966;0.3641154;0.9372549;0.5254902;0.1960784
-0.165893;-0.2966;0.3641154;0.9372549;0.5254902;0.1960784
-0.1565909;-0.2938218;0.3877264;0.9372549;0.5254902;0.1960784
-0.1565909;-0.2938218;0.3877264;0.9372549;0.5254902;0.1960784
-0.141039;-0.2906157;0.4053481;0.9372549;0.5254902;0.1960784
-0.141039;-0.2906157;0.4053481;0.9372549;0.5254902;0.1960784
-0.1259461;-0.2890036;0.4134462;0.9372549;0.5254902;0.1960784
-0.1259461;-0.2890036;0.4134462;0.9372549;0.5254902;0.1960784
-0.1020636;-0.291025;0.4193771;0.9372549;0.5254902;0.1960784
-0.1020636;-0.291025;0.4193771;0.9372549;0.5254902;0.1960784
-0.0801682;-0.291727;0.4189711;0.9372549;0.5254902;0.1960784
-0.0801682;-0.291727;0.4189711;0.9372549;0.5254902;0.1960784
-0.05576883;-0.2924007;0.4171299;0.9372549;0.5254902;0.1960784
-0.05576883;-0.2924007;0.4171299;0.9372549;0.5254902;0.1960784
-0.02977976;-0.2925541;0.4145988;0.9372549;0.5254902;0.1960784
-0.02977976;-0.2925541;0.4145988;0.9372549;0.5254902;0.1960784
0.005253096;-0.2907968;0.4071599;0.9372549;0.5254902;0.1960784
0.005253096;-0.2907968;0.4071599;0.9372549;0.5254902;0.1960784
0.02246709;-0.2900733;0.401058;0.9372549;0.5254902;0.1960784
0.02246709;-0.2900733;0.401058;0.9372549;0.5254902;0.1960784
0.05352917;-0.2910045;0.3837005;0.9372549;0.5254902;0.1960784
0.05352917;-0.2910045;0.3837005;0.9372549;0.5254902;0.1960784
0.07963642;-0.2944234;0.3589089;0.9372549;0.5254902;0.1960784
0.07963642;-0.2944234;0.3589089;0.9372549;0.5254902;0.1960784
0.09458866;-0.2985696;0.3365897;0.9372549;0.5254902;0.1960784
0.09458866;-0.2985696;0.3365897;0.9372549;0.5254902;0.1960784
0.1050189;-0.3031128;0.3118691;0.9372549;0.5254902;0.1960784
0.1050189;-0.3031128;0.3118691;0.9372549;0.5254902;0.1960784
0.1130541;-0.3099303;0.2761323;0.9372549;0.5254902;0.1960784
0.1130541;-0.3099303;0.2761323;0.9372549;0.5254902;0.1960784
0.1144529;-0.3160249;0.2450768;0.9372549;0.5254902;0.1960784
0.1144529;-0.3160249;0.2450768;0.9372549;0.5254902;0.1960784
0.1118335;-0.3217876;0.2146816;0.9372549;0.5254902;0.1960784
0.1118335;-0.3217876;0.2146816;0.9372549;0.5254902;0.1960784
0.1058638;-0.3273518;0.1840867;0.9372549;0.5254902;0.1960784
0.1058638;-0.3273518;0.1840867;0.9372549;0.5254902;0.1960784
0.09700336;-0.3337902;0.1552049;0.9372549;0.5254902;0.1960784
0.09700336;-0.3337902;0.1552049;0.9372549;0.5254902;0.1960784
0.08231418;-0.3370541;0.1194617;0.9372549;0.5254902;0.1960784
0.08231418;-0.3370541;0.1194617;0.9372549;0.5254902;0.1960784
0.06793989;-0.3400144;0.09071124;0.9372549;0.5254902;0.1960784
0.06793989;-0.3400144;0.09071124;0.9372549;0.5254902;0.1960784
0.05705388;-0.3425253;0.07338452;0.9372549;0.5254902;0.1960784
0.05705388;-0.3425253;0.07338452;0.9372549;0.5254902;0.1960784
0.04280821;-0.3450772;0.05505538;0.9372549;0.5254902;0.1960784
0.04280821;-0.3450772;0.05505538;0.9372549;0.5254902;0.1960784
0.03430182;-0.3465362;0.04571545;0.9372549;0.5254902;0.1960784
0.03430182;-0.3465362;0.04571545;0.9372549;0.5254902;0.1960784
0.02922538;-0.3477271;0.04188311;0.9372549;0.5254902;0.1960784
0.02922538;-0.3477271;0.04188311;0.9372549;0.5254902;0.1960784
0.02828625;-0.3486685;0.0442276;0.9372549;0.5254902;0.1960784
0.02828625;-0.3486685;0.0442276;0.9372549;0.5254902;0.1960784
0.03481019;-0.3493995;0.05542183;0.9372549;0.5254902;0.1960784
0.03481019;-0.3493995;0.05542183;0.9372549;0.5254902;0.1960784
0.04113692;-0.3493721;0.06404006;0.9372549;0.5254902;0.1960784
0.04113692;-0.3493721;0.06404006;0.9372549;0.5254902;0.1960784
0.05776013;-0.3493178;0.08462429;0.9372549;0.5254902;0.1960784
0.05776013;-0.3493178;0.08462429;0.9372549;0.5254902;0.1960784
0.07263589;-0.3481097;0.100495;0.9372549;0.5254902;0.1960784
0.07263589;-0.3481097;0.100495;0.9372549;0.5254902;0.1960784
0.09514801;-0.3454477;0.1208272;0.9372549;0.5254902;0.1960784
0.09514801;-0.3454477;0.1208272;0.9372549;0.5254902;0.1960784
0.1106145;-0.3426977;0.1334029;0.9372549;0.5254902;0.1960784
0.1106145;-0.3426977;0.1334029;0.9372549;0.5254902;0.1960784
0.1761491;-0.3311191;0.1845523;0.9372549;0.5254902;0.1960784
0.1761491;-0.3311191;0.1845523;0.9372549;0.5254902;0.1960784
0.187594;-0.3288709;0.1933924;0.9372549;0.5254902;0.1960784
0.187594;-0.3288709;0.1933924;0.9372549;0.5254902;0.1960784
0.2176571;-0.3218381;0.2151597;0.9372549;0.5254902;0.1960784
0.2176571;-0.3218381;0.2151597;0.9372549;0.5254902;0.1960784
0.2321153;-0.3180869;0.2243996;0.9372549;0.5254902;0.1960784
0.2321153;-0.3180869;0.2243996;0.9372549;0.5254902;0.1960784
0.2601504;-0.3098222;0.2397709;0.9372549;0.5254902;0.1960784
0.2601504;-0.3098222;0.2397709;0.9372549;0.5254902;0.1960784
0.279697;-0.3033401;0.2485727;0.9372549;0.5254902;0.1960784
0.279697;-0.3033401;0.2485727;0.9372549;0.5254902;0.1960784
0.2968846;-0.2974998;0.2558898;0.9372549;0.5254902;0.1960784
0.2968846;-0.2974998;0.2558898;0.9372549;0.5254902;0.1960784
0.3140984;-0.289254;0.2608192;0.9372549;0.5254902;0.1960784
0.3140984;-0.289254;0.2608192;0.9372549;0.5254902;0.1960784
0.3231634;-0.2840132;0.2611004;0.9372549;0.5254902;0.1960784
0.3231634;-0.2840132;0.2611004;0.9372549;0.5254902;0.1960784
0.3302169;-0.2796522;0.2573172;0.9372549;0.5254902;0.1960784
0.3302169;-0.2796522;0.2573172;0.9372549;0.5254902;0.1960784
0.3309534;-0.2790816;0.2556021;0.9372549;0.5254902;0.1960784
0.3309534;-0.2790816;0.2556021;0.9372549;0.5254902;0.1960784
0.3267461;-0.2793713;0.2432687;0.9372549;0.5254902;0.1960784
0.3267461;-0.2793713;0.2432687;0.9372549;0.5254902;0.1960784
0.321724;-0.280534;0.2370005;0.9372549;0.5254902;0.1960784
0.321724;-0.280534;0.2370005;0.9372549;0.5254902;0.1960784
0.3030087;-0.2821373;0.219878;0.9372549;0.5254902;0.1960784
0.3030087;-0.2821373;0.219878;0.9372549;0.5254902;0.1960784
0.2800452;-0.286986;0.2041733;0.9372549;0.5254902;0.1960784
0.2800452;-0.286986;0.2041733;0.9372549;0.5254902;0.1960784
0.2586828;-0.2911153;0.19331;0.9372549;0.5254902;0.1960784
0.2586828;-0.2911153;0.19331;0.9372549;0.5254902;0.1960784
0.227869;-0.2973901;0.1790293;0.9372549;0.5254902;0.1960784
0.227869;-0.2973901;0.1790293;0.9372549;0.5254902;0.1960784
0.2033641;-0.3021823;0.1673687;0.9372549;0.5254902;0.1960784
0.2033641;-0.3021823;0.1673687;0.9372549;0.5254902;0.1960784
0.1775106;-0.3074642;0.1544806;0.9372549;0.5254902;0.1960784
0.1775106;-0.3074642;0.1544806;0.9372549;0.5254902;0.1960784
0.139945;-0.3141644;0.1336259;0.9372549;0.5254902;0.1960784
0.139945;-0.3141644;0.1336259;0.9372549;0.5254902;0.1960784
0.1172822;-0.3160729;0.1167494;0.9372549;0.5254902;0.1960784
0.1172822;-0.3160729;0.1167494;0.9372549;0.5254902;0.1960784
0.1014865;-0.3185122;0.105981;0.9372549;0.5254902;0.1960784
0.1014865;-0.3185122;0.105981;0.9372549;0.5254902;0.1960784
0.06735814;-0.322813;0.08234978;0.9372549;0.5254902;0.1960784
0.06735814;-0.322813;0.08234978;0.9372549;0.5254902;0.1960784
0.05271598;-0.3254957;0.0722779;0.9372549;0.5254902;0.1960784
0.05271598;-0.3254957;0.0722779;0.9372549;0.5254902;0.1960784
0.04333444;-0.3278909;0.06521976;0.9372549;0.5254902;0.1960784
0.04333444;-0.3278909;0.06521976;0.9372549;0.5254902;0.1960784
0.04020791;-0.3295607;0.06189251;0.9372549;0.5254902;0.1960784
0.04020791;-0.3295607;0.06189251;0.9372549;0.5254902;0.1960784
0.04343482;-0.3350625;0.05812216;0.9372549;0.5254902;0.1960784
0.04343482;-0.3350625;0.05812216;0.9372549;0.5254902;0.1960784
0.04945561;-0.3375365;0.05815041;0.9372549;0.5254902;0.1960784
0.04945561;-0.3375365;0.05815041;0.9372549;0.5254902;0.1960784
0.07434236;-0.3432105;0.06155217;0.9372549;0.5254902;0.1960784
0.07434236;-0.3432105;0.06155217;0.9372549;0.5254902;0.1960784
0.09407663;-0.3461265;0.06463766;0.9372549;0.5254902;0.1960784
0.09407663;-0.3461265;0.06463766;0.9372549;0.5254902;0.1960784
0.1156385;-0.3483896;0.06782269;0.9372549;0.5254902;0.1960784
0.1156385;-0.3483896;0.06782269;0.9372549;0.5254902;0.1960784
0.12315;-0.3492413;0.06887734;0.9372549;0.5254902;0.1960784
0.12315;-0.3492413;0.06887734;0.9372549;0.5254902;0.1960784
0.1727943;-0.3538498;0.07417703;0.9372549;0.5254902;0.1960784
0.1727943;-0.3538498;0.07417703;0.9372549;0.5254902;0.1960784
0.199066;-0.3549536;0.07612336;0.9372549;0.5254902;0.1960784
0.199066;-0.3549536;0.07612336;0.9372549;0.5254902;0.1960784
0.2346325;-0.3558867;0.07911348;0.9372549;0.5254902;0.1960784
0.2346325;-0.3558867;0.07911348;0.9372549;0.5254902;0.1960784
0.2605465;-0.3558491;0.08077562;0.9372549;0.5254902;0.1960784
0.2605465;-0.3558491;0.08077562;0.9372549;0.5254902;0.1960784
0.2883684;-0.3542838;0.08059502;0.9372549;0.5254902;0.1960784
0.2883684;-0.3542838;0.08059502;0.9372549;0.5254902;0.1960784
0.2903751;-0.3541422;0.08050239;0.9372549;0.5254902;0.1960784
0.2903751;-0.3541422;0.08050239;0.9372549;0.5254902;0.1960784
0.3331632;-0.349476;0.07527316;0.9372549;0.5254902;0.1960784
0.3331632;-0.349476;0.07527316;0.9372549;0.5254902;0.1960784
0.3505879;-0.3468482;0.07162285;0.9372549;0.5254902;0.1960784
0.3505879;-0.3468482;0.07162285;0.9372549;0.5254902;0.1960784
0.3669784;-0.3417772;0.06406748;0.9372549;0.5254902;0.1960784
0.3669784;-0.3417772;0.06406748;0.9372549;0.5254902;0.1960784
0.3762482;-0.3386559;0.0554595;0.9372549;0.5254902;0.1960784
0.3762482;-0.3386559;0.0554595;0.9372549;0.5254902;0.1960784
0.3806269;-0.3348194;0.04426658;0.9372549;0.5254902;0.1960784
0.3806269;-0.3348194;0.04426658;0.9372549;0.5254902;0.1960784
0.3801472;-0.3309429;0.03089392;0.9372549;0.5254902;0.1960784
0.3801472;-0.3309429;0.03089392;0.9372549;0.5254902;0.1960784
0.375407;-0.3284346;0.02154005;0.9372549;0.5254902;0.1960784
0.375407;-0.3284346;0.02154005;0.9372549;0.5254902;0.1960784
0.3656779;-0.3270814;0.01452851;0.9372549;0.5254902;0.1960784
0.3656779;-0.3270814;0.01452851;0.9372549;0.5254902;0.1960784
0.3506207;-0.327587;0.01247156;0.9372549;0.5254902;0.1960784
0.3506207;-0.327587;0.01247156;0.9372549;0.5254902;0.1960784
0.3357954;-0.3291647;0.01442802;0.9372549;0.5254902;0.1960784
0.3357954;-0.3291647;0.01442802;0.9372549;0.5254902;0.1960784
0.3174479;-0.3314214;0.01880682;0.9372549;0.5254902;0.1960784
0.3174479;-0.3314214;0.01880682;0.9372549;0.5254902;0.1960784
0.2941455;-0.3358998;0.02563739;0.9372549;0.5254902;0.1960784
0.2941455;-0.3358998;0.02563739;0.9372549;0.5254902;0.1960784
0.2645394;-0.3419108;0.03458393;0.9372549;0.5254902;0.1960784
0.2645394;-0.3419108;0.03458393;0.9372549;0.5254902;0.1960784
0.2406297;-0.3469992;0.04212022;0.9372549;0.5254902;0.1960784
0.2406297;-0.3469992;0.04212022;0.9372549;0.5254902;0.1960784
0.2142988;-0.3528733;0.05033672;0.9372549;0.5254902;0.1960784
0.2142988;-0.3528733;0.05033672;0.9372549;0.5254902;0.1960784
0.1904741;-0.3583079;0.05663753;0.9372549;0.5254902;0.1960784
0.1904741;-0.3583079;0.05663753;0.9372549;0.5254902;0.1960784
0.1725534;-0.3633714;0.05884326;0.9372549;0.5254902;0.1960784
0.1725534;-0.3633714;0.05884326;0.9372549;0.5254902;0.1960784
0.1572333;-0.3679273;0.05654824;0.9372549;0.5254902;0.1960784
0.1572333;-0.3679273;0.05654824;0.9372549;0.5254902;0.1960784
0.1507671;-0.3713051;0.05088031;0.9372549;0.5254902;0.1960784
0.1507671;-0.3713051;0.05088031;0.9372549;0.5254902;0.1960784
0.149639;-0.3738813;0.04249668;0.9372549;0.5254902;0.1960784
0.149639;-0.3738813;0.04249668;0.9372549;0.5254902;0.1960784
0.1565415;-0.3765096;0.02930236;0.9372549;0.5254902;0.1960784
0.1565415;-0.3765096;0.02930236;0.9372549;0.5254902;0.1960784
0.168515;-0.3784159;0.01586747;0.9372549;0.5254902;0.1960784
0.168515;-0.3784159;0.01586747;0.9372549;0.5254902;0.1960784
0.1834375;-0.3796135;0.001084924;0.9372549;0.5254902;0.1960784
0.1834375;-0.3796135;0.001084924;0.9372549;0.5254902;0.1960784
0.2019282;-0.3805628;-0.01738632;0.9372549;0.5254902;0.1960784
0.2019282;-0.3805628;-0.01738632;0.9372549;0.5254902;0.1960784
0.2188121;-0.3807658;-0.03499389;0.9372549;0.5254902;0.1960784
0.2188121;-0.3807658;-0.03499389;0.9372549;0.5254902;0.1960784
0.2465394;-0.3806324;-0.06330025;0.9372549;0.5254902;0.1960784
0.2465394;-0.3806324;-0.06330025;0.9372549;0.5254902;0.1960784
0.2599936;-0.3803156;-0.07679069;0.9372549;0.5254902;0.1960784
0.2599936;-0.3803156;-0.07679069;0.9372549;0.5254902;0.1960784
0.2856635;-0.3792266;-0.1034859;0.9372549;0.5254902;0.1960784
0.2856635;-0.3792266;-0.1034859;0.9372549;0.5254902;0.1960784
0.3033658;-0.3779497;-0.1237155;0.9372549;0.5254902;0.1960784
0.3033658;-0.3779497;-0.1237155;0.9372549;0.5254902;0.1960784
0.3230196;-0.3758374;-0.1512668;0.9372549;0.5254902;0.1960784
0.3230196;-0.3758374;-0.1512668;0.9372549;0.5254902;0.1960784
0.3342359;-0.3740391;-0.1718045;0.9372549;0.5254902;0.1960784
0.3342359;-0.3740391;-0.1718045;0.9372549;0.5254902;0.1960784
0.3452331;-0.3715333;-0.1962961;0.9372549;0.5254902;0.1960784
0.3452331;-0.3715333;-0.1962961;0.9372549;0.5254902;0.1960784
0.3510258;-0.369435;-0.2108164;0.9372549;0.5254902;0.1960784
0.3510258;-0.369435;-0.2108164;0.9372549;0.5254902;0.1960784
0.3547993;-0.3674472;-0.2210128;0.9372549;0.5254902;0.1960784
0.3547993;-0.3674472;-0.2210128;0.9372549;0.5254902;0.1960784
0.3565966;-0.3648863;-0.2269777;0.9372549;0.5254902;0.1960784
0.3565966;-0.3648863;-0.2269777;0.9372549;0.5254902;0.1960784
0.356022;-0.3638437;-0.2264267;0.9372549;0.5254902;0.1960784
0.356022;-0.3638437;-0.2264267;0.9372549;0.5254902;0.1960784
0.3521406;-0.3624552;-0.2185152;0.9372549;0.5254902;0.1960784
0.3521406;-0.3624552;-0.2185152;0.9372549;0.5254902;0.1960784
0.348947;-0.3619009;-0.2108918;0.9372549;0.5254902;0.1960784
0.348947;-0.3619009;-0.2108918;0.9372549;0.5254902;0.1960784
0.3278469;-0.3616734;-0.1536695;0.9372549;0.5254902;0.1960784
0.3278469;-0.3616734;-0.1536695;0.9372549;0.5254902;0.1960784
0.3158223;-0.3616101;-0.1255263;0.9372549;0.5254902;0.1960784
0.3158223;-0.3616101;-0.1255263;0.9372549;0.5254902;0.1960784
0.3014508;-0.3619194;-0.09582293;0.9372549;0.5254902;0.1960784
0.3014508;-0.3619194;-0.09582293;0.9372549;0.5254902;0.1960784
0.2868546;-0.3623753;-0.06782174;0.9372549;0.5254902;0.1960784
0.2868546;-0.3623753;-0.06782174;0.9372549;0.5254902;0.1960784
0.2698802;-0.3592379;-0.04088795;0.9372549;0.5254902;0.1960784
0.2698802;-0.3592379;-0.04088795;0.9372549;0.5254902;0.1960784
0.2539752;-0.3579026;-0.0152148;0.9372549;0.5254902;0.1960784
0.2539752;-0.3579026;-0.0152148;0.9372549;0.5254902;0.1960784
0.2327976;-0.3569025;0.016662;0.9372549;0.5254902;0.1960784
0.2327976;-0.3569025;0.016662;0.9372549;0.5254902;0.1960784
0.2182119;-0.3564725;0.03686655;0.9372549;0.5254902;0.1960784
0.2182119;-0.3564725;0.03686655;0.9372549;0.5254902;0.1960784
0.2011421;-0.3546881;0.05700743;0.9372549;0.5254902;0.1960784
0.2011421;-0.3546881;0.05700743;0.9372549;0.5254902;0.1960784
0.1911673;-0.3533362;0.06585932;0.9372549;0.5254902;0.1960784
0.1911673;-0.3533362;0.06585932;0.9372549;0.5254902;0.1960784
0.1835451;-0.3525029;0.06928575;0.9372549;0.5254902;0.1960784
0.1835451;-0.3525029;0.06928575;0.9372549;0.5254902;0.1960784
0.1776926;-0.3508188;0.06456637;0.9372549;0.5254902;0.1960784
0.1776926;-0.3508188;0.06456637;0.9372549;0.5254902;0.1960784
0.1760603;-0.3503542;0.05396652;0.9372549;0.5254902;0.1960784
0.1760603;-0.3503542;0.05396652;0.9372549;0.5254902;0.1960784
0.1751046;-0.3474347;0.03639579;0.9372549;0.5254902;0.1960784
0.1751046;-0.3474347;0.03639579;0.9372549;0.5254902;0.1960784
0.1760468;-0.3475613;0.01544118;0.9372549;0.5254902;0.1960784
0.1760468;-0.3475613;0.01544118;0.9372549;0.5254902;0.1960784
0.1794043;-0.3464049;-0.01973569;0.9372549;0.5254902;0.1960784
0.1794043;-0.3464049;-0.01973569;0.9372549;0.5254902;0.1960784
0.1813924;-0.347241;-0.04841137;0.9372549;0.5254902;0.1960784
0.1813924;-0.347241;-0.04841137;0.9372549;0.5254902;0.1960784
0.1823967;-0.3484734;-0.08401322;0.9372549;0.5254902;0.1960784
0.1823967;-0.3484734;-0.08401322;0.9372549;0.5254902;0.1960784
0.1815483;-0.3492121;-0.123968;0.9372549;0.5254902;0.1960784
0.1815483;-0.3492121;-0.123968;0.9372549;0.5254902;0.1960784
0.1789318;-0.3495471;-0.1558748;0.9372549;0.5254902;0.1960784
0.1789318;-0.3495471;-0.1558748;0.9372549;0.5254902;0.1960784
0.1741036;-0.3490375;-0.1913937;0.9372549;0.5254902;0.1960784
0.1741036;-0.3490375;-0.1913937;0.9372549;0.5254902;0.1960784
0.1680169;-0.3485212;-0.223724;0.9372549;0.5254902;0.1960784
0.1680169;-0.3485212;-0.223724;0.9372549;0.5254902;0.1960784
0.1618435;-0.3479452;-0.2469292;0.9372549;0.5254902;0.1960784
0.1618435;-0.3479452;-0.2469292;0.9372549;0.5254902;0.1960784
0.1550307;-0.347393;-0.265029;0.9372549;0.5254902;0.1960784
0.1550307;-0.347393;-0.265029;0.9372549;0.5254902;0.1960784
0.1448441;-0.3474943;-0.2810148;0.9372549;0.5254902;0.1960784
0.1448441;-0.3474943;-0.2810148;0.9372549;0.5254902;0.1960784
0.1384225;-0.3482245;-0.2850149;0.9372549;0.5254902;0.1960784
0.1384225;-0.3482245;-0.2850149;0.9372549;0.5254902;0.1960784
0.1300997;-0.3497934;-0.2816062;0.9372549;0.5254902;0.1960784
0.1300997;-0.3497934;-0.2816062;0.9372549;0.5254902;0.1960784
0.1252451;-0.3516847;-0.2717454;0.9372549;0.5254902;0.1960784
0.1252451;-0.3516847;-0.2717454;0.9372549;0.5254902;0.1960784
0.1213985;-0.3533559;-0.2567432;0.9372549;0.5254902;0.1960784
0.1213985;-0.3533559;-0.2567432;0.9372549;0.5254902;0.1960784
0.119063;-0.3550157;-0.2368749;0.9372549;0.5254902;0.1960784
0.119063;-0.3550157;-0.2368749;0.9372549;0.5254902;0.1960784
0.1183254;-0.3557541;-0.2034706;0.9372549;0.5254902;0.1960784
0.1183254;-0.3557541;-0.2034706;0.9372549;0.5254902;0.1960784
0.1189425;-0.3545956;-0.1722264;0.9372549;0.5254902;0.1960784
0.1189425;-0.3545956;-0.1722264;0.9372549;0.5254902;0.1960784
0.1203181;-0.3531679;-0.1439242;0.9372549;0.5254902;0.1960784
0.1203181;-0.3531679;-0.1439242;0.9372549;0.5254902;0.1960784
0.121938;-0.3485047;-0.09981203;0.9372549;0.5254902;0.1960784
0.121938;-0.3485047;-0.09981203;0.9372549;0.5254902;0.1960784
0.122282;-0.3443241;-0.06921351;0.9372549;0.5254902;0.1960784
0.122282;-0.3443241;-0.06921351;0.9372549;0.5254902;0.1960784
0.1219756;-0.3410962;-0.0494523;0.9372549;0.5254902;0.1960784
0.1219756;-0.3410962;-0.0494523;0.9372549;0.5254902;0.1960784
0.1198332;-0.3339928;-0.01610482;0.9372549;0.5254902;0.1960784
0.1198332;-0.3339928;-0.01610482;0.9372549;0.5254902;0.1960784
0.1110783;-0.3229249;0.03104794;0.9372549;0.5254902;0.1960784
0.1110783;-0.3229249;0.03104794;0.9372549;0.5254902;0.1960784
0.1032181;-0.3182672;0.04334342;0.9372549;0.5254902;0.1960784
0.1032181;-0.3182672;0.04334342;0.9372549;0.5254902;0.1960784
0.09914743;-0.3170529;0.04404914;0.9372549;0.5254902;0.1960784
0.09914743;-0.3170529;0.04404914;0.9372549;0.5254902;0.1960784
0.09095027;-0.316458;0.03600621;0.9372549;0.5254902;0.1960784
0.09095027;-0.316458;0.03600621;0.9372549;0.5254902;0.1960784
0.08426049;-0.3169172;0.02222037;0.9372549;0.5254902;0.1960784
0.08426049;-0.3169172;0.02222037;0.9372549;0.5254902;0.1960784
0.07396877;-0.3196264;-0.00333941;0.9372549;0.5254902;0.1960784
0.07396877;-0.3196264;-0.00333941;0.9372549;0.5254902;0.1960784
0.06171701;-0.3233974;-0.03254998;0.9372549;0.5254902;0.1960784
0.06171701;-0.3233974;-0.03254998;0.9372549;0.5254902;0.1960784
0.05683787;-0.32478;-0.04316413;0.9372549;0.5254902;0.1960784
0.05683787;-0.32478;-0.04316413;0.9372549;0.5254902;0.1960784
0.03374019;-0.3298171;-0.0858686;0.9372549;0.5254902;0.1960784
0.03374019;-0.3298171;-0.0858686;0.9372549;0.5254902;0.1960784
0.0229893;-0.3317851;-0.1025461;0.9372549;0.5254902;0.1960784
0.0229893;-0.3317851;-0.1025461;0.9372549;0.5254902;0.1960784
-0.0006601308;-0.3352167;-0.1315583;0.9372549;0.5254902;0.1960784
-0.0006601308;-0.3352167;-0.1315583;0.9372549;0.5254902;0.1960784
-0.01292454;-0.3363725;-0.1442806;0.9372549;0.5254902;0.1960784
-0.01292454;-0.3363725;-0.1442806;0.9372549;0.5254902;0.1960784
-0.04355109;-0.3379904;-0.1672204;0.9372549;0.5254902;0.1960784
-0.04355109;-0.3379904;-0.1672204;0.9372549;0.5254902;0.1960784
-0.06026512;-0.338018;-0.1758716;0.9372549;0.5254902;0.1960784
-0.06026512;-0.338018;-0.1758716;0.9372549;0.5254902;0.1960784
-0.0765385;-0.3369901;-0.1801684;0.9372549;0.5254902;0.1960784
-0.0765385;-0.3369901;-0.1801684;0.9372549;0.5254902;0.1960784
-0.07999836;-0.3365752;-0.1803724;0.9372549;0.5254902;0.1960784
-0.07999836;-0.3365752;-0.1803724;0.9372549;0.5254902;0.1960784
-0.09075975;-0.3343713;-0.175231;0.9372549;0.5254902;0.1960784
-0.09075975;-0.3343713;-0.175231;0.9372549;0.5254902;0.1960784
-0.09007036;-0.330316;-0.164941;0.9372549;0.5254902;0.1960784
-0.09007036;-0.330316;-0.164941;0.9372549;0.5254902;0.1960784
-0.08725499;-0.3277832;-0.1582855;0.9372549;0.5254902;0.1960784
-0.08725499;-0.3277832;-0.1582855;0.9372549;0.5254902;0.1960784
-0.07433711;-0.3223924;-0.1383103;0.9372549;0.5254902;0.1960784
-0.07433711;-0.3223924;-0.1383103;0.9372549;0.5254902;0.1960784
-0.06718499;-0.3193118;-0.1295326;0.9372549;0.5254902;0.1960784
-0.06718499;-0.3193118;-0.1295326;0.9372549;0.5254902;0.1960784
-0.05149709;-0.3135134;-0.1101649;0.9372549;0.5254902;0.1960784
-0.05149709;-0.3135134;-0.1101649;0.9372549;0.5254902;0.1960784
-0.03923935;-0.3092924;-0.09410655;0.9372549;0.5254902;0.1960784
-0.03923935;-0.3092924;-0.09410655;0.9372549;0.5254902;0.1960784
-0.02782548;-0.3057278;-0.07701337;0.9372549;0.5254902;0.1960784
-0.02782548;-0.3057278;-0.07701337;0.9372549;0.5254902;0.1960784
-0.02098632;-0.3034903;-0.06534839;0.9372549;0.5254902;0.1960784
-0.02098632;-0.3034903;-0.06534839;0.9372549;0.5254902;0.1960784
-0.00823807;-0.2997077;-0.03718817;0.9372549;0.5254902;0.1960784
-0.00823807;-0.2997077;-0.03718817;0.9372549;0.5254902;0.1960784
-0.003330521;-0.2975746;-0.01766098;0.9372549;0.5254902;0.1960784
-0.003330521;-0.2975746;-0.01766098;0.9372549;0.5254902;0.1960784
-0.002840489;-0.2969896;-0.009711981;0.9372549;0.5254902;0.1960784
-0.002840489;-0.2969896;-0.009711981;0.9372549;0.5254902;0.1960784
-0.004492894;-0.2960307;0.004076362;0.9372549;0.5254902;0.1960784
-0.004492894;-0.2960307;0.004076362;0.9372549;0.5254902;0.1960784
-0.00785505;-0.2950221;0.0112046;0.9372549;0.5254902;0.1960784
