0.193504;0.06266318;0.08552837;0.3490196;0.7607843;0.7960784
0.1928276;0.06059541;0.08567798;0.3490196;0.7607843;0.7960784
0.1928276;0.06059541;0.08567798;0.3490196;0.7607843;0.7960784
0.1918391;0.05831177;0.08609188;0.3490196;0.7607843;0.7960784
0.1918391;0.05831177;0.08609188;0.3490196;0.7607843;0.7960784
0.1913087;0.05735439;0.08626521;0.3490196;0.7607843;0.7960784
0.1913087;0.05735439;0.08626521;0.3490196;0.7607843;0.7960784
0.190062;0.05590083;0.08660531;0.3490196;0.7607843;0.7960784
0.190062;0.05590083;0.08660531;0.3490196;0.7607843;0.7960784
0.1868791;0.05498605;0.08712506;0.3490196;0.7607843;0.7960784
0.1868791;0.05498605;0.08712506;0.3490196;0.7607843;0.7960784
0.1850301;0.05634738;0.08728182;0.3490196;0.7607843;0.7960784
0.1850301;0.05634738;0.08728182;0.3490196;0.7607843;0.7960784
0.1843649;0.05743023;0.08725095;0.3490196;0.7607843;0.7960784
0.1843649;0.05743023;0.08725095;0.3490196;0.7607843;0.7960784
0.1825472;0.06026307;0.08751607;0.3490196;0.7607843;0.7960784
0.1825472;0.06026307;0.08751607;0.3490196;0.7607843;0.7960784
0.1814757;0.06241847;0.08761621;0.3490196;0.7607843;0.7960784
0.1814757;0.06241847;0.08761621;0.3490196;0.7607843;0.7960784
0.1773978;0.0699589;0.08811307;0.3490196;0.7607843;0.7960784
0.1773978;0.0699589;0.08811307;0.3490196;0.7607843;0.7960784
0.1733626;0.07881418;0.08890057;0.3490196;0.7607843;0.7960784
0.1733626;0.07881418;0.08890057;0.3490196;0.7607843;0.7960784
0.1721292;0.0814544;0.08906329;0.3490196;0.7607843;0.7960784
0.1721292;0.0814544;0.08906329;0.3490196;0.7607843;0.7960784
0.1663837;0.09379385;0.08985054;0.3490196;0.7607843;0.7960784
0.1663837;0.09379385;0.08985054;0.3490196;0.7607843;0.7960784
0.1647222;0.09727473;0.09003866;0.3490196;0.7607843;0.7960784
0.1647222;0.09727473;0.09003866;0.3490196;0.7607843;0.7960784
0.158031;0.1109085;0.09072542;0.3490196;0.7607843;0.7960784
0.158031;0.1109085;0.09072542;0.3490196;0.7607843;0.7960784
0.1542313;0.118261;0.09108293;0.3490196;0.7607843;0.7960784
0.1542313;0.118261;0.09108293;0.3490196;0.7607843;0.7960784
0.1463075;0.1407579;0.09026098;0.3490196;0.7607843;0.7960784
0.1463075;0.1407579;0.09026098;0.3490196;0.7607843;0.7960784
0.1435717;0.1459271;0.09039724;0.3490196;0.7607843;0.7960784
0.1435717;0.1459271;0.09039724;0.3490196;0.7607843;0.7960784
0.1324014;0.1679872;0.09072316;0.3490196;0.7607843;0.7960784
0.1324014;0.1679872;0.09072316;0.3490196;0.7607843;0.7960784
0.1293159;0.1739007;0.09073234;0.3490196;0.7607843;0.7960784
0.1293159;0.1739007;0.09073234;0.3490196;0.7607843;0.7960784
0.1179862;0.1955402;0.09051311;0.3490196;0.7607843;0.7960784
0.1179862;0.1955402;0.09051311;0.3490196;0.7607843;0.7960784
0.1128452;0.2053791;0.09021926;0.3490196;0.7607843;0.7960784
0.1128452;0.2053791;0.09021926;0.3490196;0.7607843;0.7960784
0.09974679;0.2306751;0.08905053;0.3490196;0.7607843;0.7960784
0.09974679;0.2306751;0.08905053;0.3490196;0.7607843;0.7960784
0.09537262;0.239305;0.08851373;0.3490196;0.7607843;0.7960784
0.09537262;0.239305;0.08851373;0.3490196;0.7607843;0.7960784
0.07835333;0.2736796;0.08589554;0.3490196;0.7607843;0.7960784
0.07835333;0.2736796;0.08589554;0.3490196;0.7607843;0.7960784
0.06575;0.2996061;0.0836544;0.3490196;0.7607843;0.7960784
0.06575;0.2996061;0.0836544;0.3490196;0.7607843;0.7960784
0.06273555;0.3059281;0.08302593;0.3490196;0.7607843;0.7960784
0.06273555;0.3059281;0.08302593;0.3490196;0.7607843;0.7960784
0.05315453;0.3282996;0.07964325;0.3490196;0.7607843;0.7960784
0.05315453;0.3282996;0.07964325;0.3490196;0.7607843;0.7960784
0.04918085;0.3368253;0.07874894;0.3490196;0.7607843;0.7960784
0.04918085;0.3368253;0.07874894;0.3490196;0.7607843;0.7960784
0.04129361;0.3534365;0.07715404;0.3490196;0.7607843;0.7960784
0.04129361;0.3534365;0.07715404;0.3490196;0.7607843;0.7960784
0.03757427;0.3616897;0.07639074;0.3490196;0.7607843;0.7960784
0.03757427;0.3616897;0.07639074;0.3490196;0.7607843;0.7960784
0.03153518;0.3784745;0.07501972;0.3490196;0.7607843;0.7960784
0.03153518;0.3784745;0.07501972;0.3490196;0.7607843;0.7960784
0.0305496;0.3810703;0.07491016;0.3490196;0.7607843;0.7960784
0.0305496;0.3810703;0.07491016;0.3490196;0.7607843;0.7960784
0.02719615;0.390306;0.07542098;0.3490196;0.7607843;0.7960784
0.02719615;0.390306;0.07542098;0.3490196;0.7607843;0.7960784
0.02612142;0.3937322;0.07560444;0.3490196;0.7607843;0.7960784
0.02612142;0.3937322;0.07560444;0.3490196;0.7607843;0.7960784
0.02378943;0.3992202;0.07639706;0.3490196;0.7607843;0.7960784
0.02378943;0.3992202;0.07639706;0.3490196;0.7607843;0.7960784
0.02243887;0.4008516;0.07689977;0.3490196;0.7607843;0.7960784
0.02379101;0.4010301;0.07544935;0.3490196;0.7607843;0.7960784
0.02202461;0.3972522;0.07714891;0.3490196;0.7607843;0.7960784
0.02202461;0.3972522;0.07714891;0.3490196;0.7607843;0.7960784
0.02038989;0.3926188;0.07830179;0.3490196;0.7607843;0.7960784
0.02038989;0.3926188;0.07830179;0.3490196;0.7607843;0.7960784
0.01882832;0.3893359;0.07822323;0.3490196;0.7607843;0.7960784
0.01882832;0.3893359;0.07822323;0.3490196;0.7607843;0.7960784
0.01788948;0.3879549;0.07775784;0.3490196;0.7607843;0.7960784
0.01788948;0.3879549;0.07775784;0.3490196;0.7607843;0.7960784
0.01556027;0.3845998;0.07716501;0.3490196;0.7607843;0.7960784
0.01556027;0.3845998;0.07716501;0.3490196;0.7607843;0.7960784
0.01378278;0.381958;0.07665563;0.3490196;0.7607843;0.7960784
0.01378278;0.381958;0.07665563;0.3490196;0.7607843;0.7960784
0.00968896;0.375422;0.07544315;0.3490196;0.7607843;0.7960784
0.00968896;0.375422;0.07544315;0.3490196;0.7607843;0.7960784
0.008512702;0.3735001;0.07515454;0.3490196;0.7607843;0.7960784
0.008512702;0.3735001;0.07515454;0.3490196;0.7607843;0.7960784
0.003061024;0.3641075;0.07438421;0.3490196;0.7607843;0.7960784
0.003061024;0.3641075;0.07438421;0.3490196;0.7607843;0.7960784
0.001642147;0.3616174;0.07405818;0.3490196;0.7607843;0.7960784
0.001642147;0.3616174;0.07405818;0.3490196;0.7607843;0.7960784
-0.003837192;0.3521367;0.07299364;0.3490196;0.7607843;0.7960784
-0.003837192;0.3521367;0.07299364;0.3490196;0.7607843;0.7960784
-0.006527206;0.3475612;0.07257199;0.3490196;0.7607843;0.7960784
-0.006527206;0.3475612;0.07257199;0.3490196;0.7607843;0.7960784
-0.01194428;0.3382722;0.07140124;0.3490196;0.7607843;0.7960784
-0.01194428;0.3382722;0.07140124;0.3490196;0.7607843;0.7960784
-0.01567546;0.3316359;0.070544;0.3490196;0.7607843;0.7960784
-0.01567546;0.3316359;0.070544;0.3490196;0.7607843;0.7960784
-0.02301073;0.3175726;0.06877422;0.3490196;0.7607843;0.7960784
-0.02301073;0.3175726;0.06877422;0.3490196;0.7607843;0.7960784
-0.02484316;0.3137555;0.06833267;0.3490196;0.7607843;0.7960784
-0.02484316;0.3137555;0.06833267;0.3490196;0.7607843;0.7960784
-0.03236593;0.2971812;0.06712055;0.3490196;0.7607843;0.7960784
-0.03236593;0.2971812;0.06712055;0.3490196;0.7607843;0.7960784
-0.03418094;0.2930216;0.06666172;0.3490196;0.7607843;0.7960784
-0.03418094;0.2930216;0.06666172;0.3490196;0.7607843;0.7960784
-0.0414215;0.2768652;0.06480086;0.3490196;0.7607843;0.7960784
-0.0414215;0.2768652;0.06480086;0.3490196;0.7607843;0.7960784
-0.04410869;0.2711596;0.06417584;0.3490196;0.7607843;0.7960784
-0.04410869;0.2711596;0.06417584;0.3490196;0.7607843;0.7960784
-0.0554871;0.247897;0.0613035;0.3490196;0.7607843;0.7960784
-0.0554871;0.247897;0.0613035;0.3490196;0.7607843;0.7960784
-0.06768989;0.2224037;0.05854273;0.3490196;0.7607843;0.7960784
-0.06768989;0.2224037;0.05854273;0.3490196;0.7607843;0.7960784
-0.07642938;0.2032411;0.05672121;0.3490196;0.7607843;0.7960784
-0.07642938;0.2032411;0.05672121;0.3490196;0.7607843;0.7960784
-0.08054675;0.193884;0.05572629;0.3490196;0.7607843;0.7960784
-0.08054675;0.193884;0.05572629;0.3490196;0.7607843;0.7960784
-0.09038264;0.169118;0.05136538;0.3490196;0.7607843;0.7960784
-0.09038264;0.169118;0.05136538;0.3490196;0.7607843;0.7960784
-0.09746552;0.1541373;0.04949105;0.3490196;0.7607843;0.7960784
-0.09746552;0.1541373;0.04949105;0.3490196;0.7607843;0.7960784
-0.104169;0.1410189;0.04806232;0.3490196;0.7607843;0.7960784
-0.104169;0.1410189;0.04806232;0.3490196;0.7607843;0.7960784
-0.1162535;0.1192383;0.04474056;0.3490196;0.7607843;0.7960784
-0.1162535;0.1192383;0.04474056;0.3490196;0.7607843;0.7960784
-0.119117;0.1136643;0.04405367;0.3490196;0.7607843;0.7960784
-0.119117;0.1136643;0.04405367;0.3490196;0.7607843;0.7960784
-0.1283756;0.09628545;0.04171503;0.3490196;0.7607843;0.7960784
-0.1283756;0.09628545;0.04171503;0.3490196;0.7607843;0.7960784
-0.1326115;0.08727617;0.0405339;0.3490196;0.7607843;0.7960784
-0.1326115;0.08727617;0.0405339;0.3490196;0.7607843;0.7960784
-0.1391766;0.07362209;0.03869164;0.3490196;0.7607843;0.7960784
-0.1391766;0.07362209;0.03869164;0.3490196;0.7607843;0.7960784
-0.1444943;0.06299563;0.03715515;0.3490196;0.7607843;0.7960784
-0.1444943;0.06299563;0.03715515;0.3490196;0.7607843;0.7960784
-0.1509853;0.05057445;0.03545475;0.3490196;0.7607843;0.7960784
-0.1509853;0.05057445;0.03545475;0.3490196;0.7607843;0.7960784
-0.15647;0.04079983;0.03418291;0.3490196;0.7607843;0.7960784
-0.15647;0.04079983;0.03418291;0.3490196;0.7607843;0.7960784
-0.1651341;0.02576221;0.03199649;0.3490196;0.7607843;0.7960784
-0.1651341;0.02576221;0.03199649;0.3490196;0.7607843;0.7960784
-0.1670719;0.02252607;0.03150082;0.3490196;0.7607843;0.7960784
-0.1670719;0.02252607;0.03150082;0.3490196;0.7607843;0.7960784
-0.1721374;0.01255845;0.0292021;0.3490196;0.7607843;0.7960784
-0.1721374;0.01255845;0.0292021;0.3490196;0.7607843;0.7960784
-0.1735405;0.01042736;0.02881205;0.3490196;0.7607843;0.7960784
-0.1735405;0.01042736;0.02881205;0.3490196;0.7607843;0.7960784
-0.1774419;0.00469322;0.02776814;0.3490196;0.7607843;0.7960784
-0.1774419;0.00469322;0.02776814;0.3490196;0.7607843;0.7960784
-0.178225;0.003686578;0.02756166;0.3490196;0.7607843;0.7960784
-0.178225;0.003686578;0.02756166;0.3490196;0.7607843;0.7960784
-0.1833089;-0.002460857;0.02660525;0.3490196;0.7607843;0.7960784
-0.1833089;-0.002460857;0.02660525;0.3490196;0.7607843;0.7960784
-0.1852579;-0.00441107;0.0260005;0.3490196;0.7607843;0.7960784
-0.1852579;-0.00441107;0.0260005;0.3490196;0.7607843;0.7960784
-0.1870147;-0.007271006;0.02620292;0.3490196;0.7607843;0.7960784
-0.1870147;-0.007271006;0.02620292;0.3490196;0.7607843;0.7960784
-0.1883115;-0.006509418;0.02523124;0.3490196;0.7607843;0.7960784
0.2042565;0.06679051;0.08611798;0.3490196;0.7607843;0.7960784
0.2057993;0.06602058;0.08505583;0.3490196;0.7607843;0.7960784
0.2057993;0.06602058;0.08505583;0.3490196;0.7607843;0.7960784
0.2067102;0.06495808;0.08388829;0.3490196;0.7607843;0.7960784
0.2067102;0.06495808;0.08388829;0.3490196;0.7607843;0.7960784
0.2067332;0.06337709;0.08304846;0.3490196;0.7607843;0.7960784
0.2067332;0.06337709;0.08304846;0.3490196;0.7607843;0.7960784
0.2062156;0.06232704;0.08280742;0.3490196;0.7607843;0.7960784
0.2062156;0.06232704;0.08280742;0.3490196;0.7607843;0.7960784
0.2049239;0.06014143;0.08196986;0.3490196;0.7607843;0.7960784
0.2049239;0.06014143;0.08196986;0.3490196;0.7607843;0.7960784
0.2031304;0.05566756;0.08130622;0.3490196;0.7607843;0.7960784
0.2031304;0.05566756;0.08130622;0.3490196;0.7607843;0.7960784
0.2027058;0.05477021;0.08106685;0.3490196;0.7607843;0.7960784
0.2027058;0.05477021;0.08106685;0.3490196;0.7607843;0.7960784
0.2010448;0.05081029;0.08043897;0.3490196;0.7607843;0.7960784
0.2010448;0.05081029;0.08043897;0.3490196;0.7607843;0.7960784
0.1999473;0.04858549;0.0800004;0.3490196;0.7607843;0.7960784
0.1999473;0.04858549;0.0800004;0.3490196;0.7607843;0.7960784
0.1977677;0.04420834;0.07936561;0.3490196;0.7607843;0.7960784
0.1977677;0.04420834;0.07936561;0.3490196;0.7607843;0.7960784
0.1964976;0.04215134;0.07798362;0.3490196;0.7607843;0.7960784
0.1964976;0.04215134;0.07798362;0.3490196;0.7607843;0.7960784
0.1912854;0.03319619;0.07669866;0.3490196;0.7607843;0.7960784
0.1912854;0.03319619;0.07669866;0.3490196;0.7607843;0.7960784
0.1896654;0.03059586;0.07639623;0.3490196;0.7607843;0.7960784
0.1896654;0.03059586;0.07639623;0.3490196;0.7607843;0.7960784
0.1817096;0.01683861;0.07580626;0.3490196;0.7607843;0.7960784
0.1817096;0.01683861;0.07580626;0.3490196;0.7607843;0.7960784
0.1703725;0.002376032;0.07362056;0.3490196;0.7607843;0.7960784
0.1703725;0.002376032;0.07362056;0.3490196;0.7607843;0.7960784
0.1676434;-0.001894439;0.07326186;0.3490196;0.7607843;0.7960784
0.1676434;-0.001894439;0.07326186;0.3490196;0.7607843;0.7960784
0.153745;-0.0239908;0.07036078;0.3490196;0.7607843;0.7960784
0.153745;-0.0239908;0.07036078;0.3490196;0.7607843;0.7960784
0.1391171;-0.0484828;0.06677866;0.3490196;0.7607843;0.7960784
0.1391171;-0.0484828;0.06677866;0.3490196;0.7607843;0.7960784
0.122586;-0.07389751;0.06241035;0.3490196;0.7607843;0.7960784
0.122586;-0.07389751;0.06241035;0.3490196;0.7607843;0.7960784
0.1084775;-0.09581071;0.05873573;0.3490196;0.7607843;0.7960784
0.1084775;-0.09581071;0.05873573;0.3490196;0.7607843;0.7960784
0.1047303;-0.1009185;0.0576359;0.3490196;0.7607843;0.7960784
0.1047303;-0.1009185;0.0576359;0.3490196;0.7607843;0.7960784
0.08706705;-0.1268439;0.05249345;0.3490196;0.7607843;0.7960784
0.08706705;-0.1268439;0.05249345;0.3490196;0.7607843;0.7960784
0.07185613;-0.1510827;0.04698682;0.3490196;0.7607843;0.7960784
0.07185613;-0.1510827;0.04698682;0.3490196;0.7607843;0.7960784
0.05843367;-0.1727904;0.04237974;0.3490196;0.7607843;0.7960784
0.05843367;-0.1727904;0.04237974;0.3490196;0.7607843;0.7960784
0.05668122;-0.1753503;0.04182148;0.3490196;0.7607843;0.7960784
0.05668122;-0.1753503;0.04182148;0.3490196;0.7607843;0.7960784
0.02240391;-0.2216506;0.03307581;0.3490196;0.7607843;0.7960784
0.02240391;-0.2216506;0.03307581;0.3490196;0.7607843;0.7960784
0.007783001;-0.2387521;0.02986741;0.3490196;0.7607843;0.7960784
0.007783001;-0.2387521;0.02986741;0.3490196;0.7607843;0.7960784
-0.003638823;-0.2513019;0.02756727;0.3490196;0.7607843;0.7960784
-0.003638823;-0.2513019;0.02756727;0.3490196;0.7607843;0.7960784
-0.006087033;-0.2538033;0.02712274;0.3490196;0.7607843;0.7960784
-0.006087033;-0.2538033;0.02712274;0.3490196;0.7607843;0.7960784
-0.0145721;-0.2612724;0.02546513;0.3490196;0.7607843;0.7960784
-0.0145721;-0.2612724;0.02546513;0.3490196;0.7607843;0.7960784
-0.01652894;-0.2624647;0.02508378;0.3490196;0.7607843;0.7960784
-0.01652894;-0.2624647;0.02508378;0.3490196;0.7607843;0.7960784
-0.0216955;-0.2639404;0.02395105;0.3490196;0.7607843;0.7960784
-0.0216955;-0.2639404;0.02395105;0.3490196;0.7607843;0.7960784
-0.02380306;-0.2628656;0.0231967;0.3490196;0.7607843;0.7960784
-0.02380306;-0.2628656;0.0231967;0.3490196;0.7607843;0.7960784
-0.02710006;-0.2564989;0.02117074;0.3490196;0.7607843;0.7960784
-0.02710006;-0.2564989;0.02117074;0.3490196;0.7607843;0.7960784
-0.02762596;-0.2543254;0.02062356;0.3490196;0.7607843;0.7960784
-0.1851078;0.01257417;0.02679396;0.3490196;0.7607843;0.7960784
-0.184741;0.008148448;0.03009951;0.3490196;0.7607843;0.7960784
-0.184741;0.008148448;0.03009951;0.3490196;0.7607843;0.7960784
-0.183513;0.00577377;0.03209543;0.3490196;0.7607843;0.7960784
-0.183513;0.00577377;0.03209543;0.3490196;0.7607843;0.7960784
-0.1813801;0.003593935;0.03410721;0.3490196;0.7607843;0.7960784
-0.1813801;0.003593935;0.03410721;0.3490196;0.7607843;0.7960784
-0.1809245;0.002291734;0.03494322;0.3490196;0.7607843;0.7960784
-0.1809245;0.002291734;0.03494322;0.3490196;0.7607843;0.7960784
-0.1799925;-0.001050341;0.03659284;0.3490196;0.7607843;0.7960784
-0.1799925;-0.001050341;0.03659284;0.3490196;0.7607843;0.7960784
-0.1794951;-0.003089538;0.03743899;0.3490196;0.7607843;0.7960784
-0.1794951;-0.003089538;0.03743899;0.3490196;0.7607843;0.7960784
-0.1777996;-0.009384743;0.03972363;0.3490196;0.7607843;0.7960784
-0.1777996;-0.009384743;0.03972363;0.3490196;0.7607843;0.7960784
-0.1754888;-0.01586217;0.04150105;0.3490196;0.7607843;0.7960784
-0.1754888;-0.01586217;0.04150105;0.3490196;0.7607843;0.7960784
-0.1747058;-0.01777952;0.04197085;0.3490196;0.7607843;0.7960784
-0.1747058;-0.01777952;0.04197085;0.3490196;0.7607843;0.7960784
-0.1708882;-0.02603439;0.04376173;0.3490196;0.7607843;0.7960784
-0.1708882;-0.02603439;0.04376173;0.3490196;0.7607843;0.7960784
-0.169912;-0.02802583;0.04416919;0.3490196;0.7607843;0.7960784
-0.169912;-0.02802583;0.04416919;0.3490196;0.7607843;0.7960784
-0.1624353;-0.04269843;0.04668236;0.3490196;0.7607843;0.7960784
-0.1624353;-0.04269843;0.04668236;0.3490196;0.7607843;0.7960784
-0.1614328;-0.04464368;0.04698551;0.3490196;0.7607843;0.7960784
-0.1614328;-0.04464368;0.04698551;0.3490196;0.7607843;0.7960784
-0.1533241;-0.0598019;0.04884732;0.3490196;0.7607843;0.7960784
-0.1533241;-0.0598019;0.04884732;0.3490196;0.7607843;0.7960784
-0.1502604;-0.06529716;0.04937923;0.3490196;0.7607843;0.7960784
-0.1502604;-0.06529716;0.04937923;0.3490196;0.7607843;0.7960784
-0.1355581;-0.08951084;0.05141354;0.3490196;0.7607843;0.7960784
-0.1355581;-0.08951084;0.05141354;0.3490196;0.7607843;0.7960784
-0.1119612;-0.1212834;0.05325353;0.3490196;0.7607843;0.7960784
-0.1119612;-0.1212834;0.05325353;0.3490196;0.7607843;0.7960784
-0.09888044;-0.1371669;0.05358899;0.3490196;0.7607843;0.7960784
-0.09888044;-0.1371669;0.05358899;0.3490196;0.7607843;0.7960784
-0.09418891;-0.1426635;0.05361545;0.3490196;0.7607843;0.7960784
-0.09418891;-0.1426635;0.05361545;0.3490196;0.7607843;0.7960784
-0.07051316;-0.1679583;0.05282056;0.3490196;0.7607843;0.7960784
-0.07051316;-0.1679583;0.05282056;0.3490196;0.7607843;0.7960784
-0.04793594;-0.1915798;0.05102539;0.3490196;0.7607843;0.7960784
-0.04793594;-0.1915798;0.05102539;0.3490196;0.7607843;0.7960784
-0.03206285;-0.2097469;0.04860103;0.3490196;0.7607843;0.7960784
-0.03206285;-0.2097469;0.04860103;0.3490196;0.7607843;0.7960784
-0.02958905;-0.212765;0.0481534;0.3490196;0.7607843;0.7960784
-0.02958905;-0.212765;0.0481534;0.3490196;0.7607843;0.7960784
-0.01812106;-0.2281369;0.04598391;0.3490196;0.7607843;0.7960784
-0.01812106;-0.2281369;0.04598391;0.3490196;0.7607843;0.7960784
-0.01558045;-0.2318271;0.04538727;0.3490196;0.7607843;0.7960784
-0.01558045;-0.2318271;0.04538727;0.3490196;0.7607843;0.7960784
-0.00732922;-0.2443532;0.04335868;0.3490196;0.7607843;0.7960784
-0.00732922;-0.2443532;0.04335868;0.3490196;0.7607843;0.7960784
-0.004942689;-0.2484426;0.04276848;0.3490196;0.7607843;0.7960784
-0.004942689;-0.2484426;0.04276848;0.3490196;0.7607843;0.7960784
0.006289521;-0.2595792;0.03952801;0.3490196;0.7607843;0.7960784
0.006289521;-0.2595792;0.03952801;0.3490196;0.7607843;0.7960784
0.0118349;-0.269371;0.0384742;0.3490196;0.7607843;0.7960784
0.0118349;-0.269371;0.0384742;0.3490196;0.7607843;0.7960784
0.0129176;-0.2714874;0.03825057;0.3490196;0.7607843;0.7960784
0.0129176;-0.2714874;0.03825057;0.3490196;0.7607843;0.7960784
0.01643079;-0.2788037;0.03788972;0.3490196;0.7607843;0.7960784
0.01643079;-0.2788037;0.03788972;0.3490196;0.7607843;0.7960784
0.01711561;-0.2798929;0.03775334;0.3490196;0.7607843;0.7960784
0.01711561;-0.2798929;0.03775334;0.3490196;0.7607843;0.7960784
0.01861824;-0.2815738;0.03732896;0.3490196;0.7607843;0.7960784
0.005699828;0.3527642;0.07060647;0.3490196;0.7607843;0.7960784
0.004899509;0.3520211;0.06955254;0.3490196;0.7607843;0.7960784
0.004899509;0.3520211;0.06955254;0.3490196;0.7607843;0.7960784
0.00367073;0.3505414;0.06798089;0.3490196;0.7607843;0.7960784
0.00367073;0.3505414;0.06798089;0.3490196;0.7607843;0.7960784
0.003338106;0.3501149;0.06668818;0.3490196;0.7607843;0.7960784
0.003338106;0.3501149;0.06668818;0.3490196;0.7607843;0.7960784
0.003340133;0.349716;0.06499159;0.3490196;0.7607843;0.7960784
0.003340133;0.349716;0.06499159;0.3490196;0.7607843;0.7960784
0.003450088;0.3489383;0.06279659;0.3490196;0.7607843;0.7960784
0.003450088;0.3489383;0.06279659;0.3490196;0.7607843;0.7960784
0.003560781;0.3484228;0.06163514;0.3490196;0.7607843;0.7960784
0.003560781;0.3484228;0.06163514;0.3490196;0.7607843;0.7960784
0.003993183;0.3465422;0.05861568;0.3490196;0.7607843;0.7960784
0.003993183;0.3465422;0.05861568;0.3490196;0.7607843;0.7960784
0.004047453;0.3459479;0.05775166;0.3490196;0.7607843;0.7960784
0.004047453;0.3459479;0.05775166;0.3490196;0.7607843;0.7960784
0.004486717;0.3437958;0.05450773;0.3490196;0.7607843;0.7960784
0.004486717;0.3437958;0.05450773;0.3490196;0.7607843;0.7960784
0.004598901;0.3422682;0.05239487;0.3490196;0.7607843;0.7960784
0.004598901;0.3422682;0.05239487;0.3490196;0.7607843;0.7960784
0.00495667;0.3386772;0.04776204;0.3490196;0.7607843;0.7960784
0.00495667;0.3386772;0.04776204;0.3490196;0.7607843;0.7960784
0.004967459;0.33768;0.04652357;0.3490196;0.7607843;0.7960784
0.004967459;0.33768;0.04652357;0.3490196;0.7607843;0.7960784
0.005077988;0.3319888;0.04027843;0.3490196;0.7607843;0.7960784
0.005077988;0.3319888;0.04027843;0.3490196;0.7607843;0.7960784
0.004841141;0.3275105;0.03599501;0.3490196;0.7607843;0.7960784
0.004841141;0.3275105;0.03599501;0.3490196;0.7607843;0.7960784
0.004470028;0.318076;0.02788985;0.3490196;0.7607843;0.7960784
0.004470028;0.318076;0.02788985;0.3490196;0.7607843;0.7960784
0.004622817;0.3156266;0.02569067;0.3490196;0.7607843;0.7960784
0.004622817;0.3156266;0.02569067;0.3490196;0.7607843;0.7960784
0.005949959;0.3066016;0.01621425;0.3490196;0.7607843;0.7960784
0.005949959;0.3066016;0.01621425;0.3490196;0.7607843;0.7960784
0.005886167;0.3035018;0.01378679;0.3490196;0.7607843;0.7960784
0.005886167;0.3035018;0.01378679;0.3490196;0.7607843;0.7960784
0.005875446;0.2928573;0.006268024;0.3490196;0.7607843;0.7960784
0.005875446;0.2928573;0.006268024;0.3490196;0.7607843;0.7960784
0.005694143;0.2865103;0.001619577;0.3490196;0.7607843;0.7960784
0.005694143;0.2865103;0.001619577;0.3490196;0.7607843;0.7960784
0.005441107;0.2746118;-0.006516099;0.3490196;0.7607843;0.7960784
0.005441107;0.2746118;-0.006516099;0.3490196;0.7607843;0.7960784
0.004944585;0.2655041;-0.01200938;0.3490196;0.7607843;0.7960784
0.004944585;0.2655041;-0.01200938;0.3490196;0.7607843;0.7960784
0.003288664;0.2443292;-0.02415597;0.3490196;0.7607843;0.7960784
0.003288664;0.2443292;-0.02415597;0.3490196;0.7607843;0.7960784
0.003073849;0.2404404;-0.02638412;0.3490196;0.7607843;0.7960784
0.003073849;0.2404404;-0.02638412;0.3490196;0.7607843;0.7960784
0.001593128;0.2187605;-0.03809035;0.3490196;0.7607843;0.7960784
0.001593128;0.2187605;-0.03809035;0.3490196;0.7607843;0.7960784
0.001375839;0.2133219;-0.0410229;0.3490196;0.7607843;0.7960784
0.001375839;0.2133219;-0.0410229;0.3490196;0.7607843;0.7960784
0.0002359599;0.1948623;-0.05052018;0.3490196;0.7607843;0.7960784
0.0002359599;0.1948623;-0.05052018;0.3490196;0.7607843;0.7960784
-0.0001819208;0.1847645;-0.05574489;0.3490196;0.7607843;0.7960784
-0.0001819208;0.1847645;-0.05574489;0.3490196;0.7607843;0.7960784
-0.001818426;0.1585063;-0.06853688;0.3490196;0.7607843;0.7960784
-0.001818426;0.1585063;-0.06853688;0.3490196;0.7607843;0.7960784
-0.004070386;0.1252602;-0.08406115;0.3490196;0.7607843;0.7960784
-0.004070386;0.1252602;-0.08406115;0.3490196;0.7607843;0.7960784
-0.005443692;0.09608379;-0.09714639;0.3490196;0.7607843;0.7960784
-0.005443692;0.09608379;-0.09714639;0.3490196;0.7607843;0.7960784
-0.005515277;0.09299327;-0.09853268;0.3490196;0.7607843;0.7960784
-0.005515277;0.09299327;-0.09853268;0.3490196;0.7607843;0.7960784
-0.005656794;0.06907257;-0.108729;0.3490196;0.7607843;0.7960784
-0.005656794;0.06907257;-0.108729;0.3490196;0.7607843;0.7960784
-0.00566113;0.06340007;-0.1112461;0.3490196;0.7607843;0.7960784
-0.00566113;0.06340007;-0.1112461;0.3490196;0.7607843;0.7960784
-0.005994864;0.03438995;-0.1228601;0.3490196;0.7607843;0.7960784
-0.005994864;0.03438995;-0.1228601;0.3490196;0.7607843;0.7960784
-0.006326102;0.006104765;-0.1327578;0.3490196;0.7607843;0.7960784
-0.006326102;0.006104765;-0.1327578;0.3490196;0.7607843;0.7960784
-0.006787091;-0.01649369;-0.140534;0.3490196;0.7607843;0.7960784
-0.006787091;-0.01649369;-0.140534;0.3490196;0.7607843;0.7960784
-0.006888866;-0.02042578;-0.1419243;0.3490196;0.7607843;0.7960784
-0.006888866;-0.02042578;-0.1419243;0.3490196;0.7607843;0.7960784
-0.005702935;-0.04960725;-0.1535399;0.3490196;0.7607843;0.7960784
-0.005702935;-0.04960725;-0.1535399;0.3490196;0.7607843;0.7960784
-0.00582552;-0.05503644;-0.156321;0.3490196;0.7607843;0.7960784
-0.00582552;-0.05503644;-0.156321;0.3490196;0.7607843;0.7960784
-0.006831236;-0.06394164;-0.1596382;0.3490196;0.7607843;0.7960784
-0.006831236;-0.06394164;-0.1596382;0.3490196;0.7607843;0.7960784
-0.008200079;-0.06863376;-0.1619405;0.3490196;0.7607843;0.7960784
-0.008200079;-0.06863376;-0.1619405;0.3490196;0.7607843;0.7960784
-0.009226628;-0.0681081;-0.1641418;0.3490196;0.7607843;0.7960784
-0.01834485;-0.0641204;-0.1499387;0.3490196;0.7607843;0.7960784
-0.01871817;-0.06509225;-0.1494356;0.3490196;0.7607843;0.7960784
-0.01871817;-0.06509225;-0.1494356;0.3490196;0.7607843;0.7960784
-0.02159604;-0.07626504;-0.1443015;0.3490196;0.7607843;0.7960784
-0.02159604;-0.07626504;-0.1443015;0.3490196;0.7607843;0.7960784
-0.02236559;-0.07928346;-0.1428214;0.3490196;0.7607843;0.7960784
-0.02236559;-0.07928346;-0.1428214;0.3490196;0.7607843;0.7960784
-0.02493221;-0.09045916;-0.1371701;0.3490196;0.7607843;0.7960784
-0.02493221;-0.09045916;-0.1371701;0.3490196;0.7607843;0.7960784
-0.02579267;-0.09525318;-0.1345658;0.3490196;0.7607843;0.7960784
-0.02579267;-0.09525318;-0.1345658;0.3490196;0.7607843;0.7960784
-0.02821984;-0.1102385;-0.1272762;0.3490196;0.7607843;0.7960784
-0.02821984;-0.1102385;-0.1272762;0.3490196;0.7607843;0.7960784
-0.02879193;-0.1142395;-0.1252517;0.3490196;0.7607843;0.7960784
-0.02879193;-0.1142395;-0.1252517;0.3490196;0.7607843;0.7960784
-0.03083452;-0.1308132;-0.1166211;0.3490196;0.7607843;0.7960784
-0.03083452;-0.1308132;-0.1166211;0.3490196;0.7607843;0.7960784
-0.03133558;-0.1351734;-0.1142362;0.3490196;0.7607843;0.7960784
-0.03133558;-0.1351734;-0.1142362;0.3490196;0.7607843;0.7960784
-0.0333529;-0.1511566;-0.1052488;0.3490196;0.7607843;0.7960784
-0.0333529;-0.1511566;-0.1052488;0.3490196;0.7607843;0.7960784
-0.03414481;-0.1579996;-0.1011358;0.3490196;0.7607843;0.7960784
-0.03414481;-0.1579996;-0.1011358;0.3490196;0.7607843;0.7960784
-0.03547167;-0.1720271;-0.09204996;0.3490196;0.7607843;0.7960784
-0.03547167;-0.1720271;-0.09204996;0.3490196;0.7607843;0.7960784
-0.03624399;-0.1792759;-0.08679938;0.3490196;0.7607843;0.7960784
-0.03624399;-0.1792759;-0.08679938;0.3490196;0.7607843;0.7960784
-0.03776839;-0.1915837;-0.07608807;0.3490196;0.7607843;0.7960784
-0.03776839;-0.1915837;-0.07608807;0.3490196;0.7607843;0.7960784
-0.03880247;-0.1979417;-0.07001781;0.3490196;0.7607843;0.7960784
-0.03880247;-0.1979417;-0.07001781;0.3490196;0.7607843;0.7960784
-0.04072424;-0.2118394;-0.05522954;0.3490196;0.7607843;0.7960784
-0.04072424;-0.2118394;-0.05522954;0.3490196;0.7607843;0.7960784
-0.0425472;-0.2270188;-0.03809357;0.3490196;0.7607843;0.7960784
-0.0425472;-0.2270188;-0.03809357;0.3490196;0.7607843;0.7960784
-0.04284012;-0.2295009;-0.03523755;0.3490196;0.7607843;0.7960784
-0.04284012;-0.2295009;-0.03523755;0.3490196;0.7607843;0.7960784
-0.04383291;-0.2424048;-0.01938331;0.3490196;0.7607843;0.7960784
-0.04383291;-0.2424048;-0.01938331;0.3490196;0.7607843;0.7960784
-0.04406437;-0.2456481;-0.01541531;0.3490196;0.7607843;0.7960784
-0.04406437;-0.2456481;-0.01541531;0.3490196;0.7607843;0.7960784
-0.04259427;-0.2560876;0.002355218;0.3490196;0.7607843;0.7960784
-0.04259427;-0.2560876;0.002355218;0.3490196;0.7607843;0.7960784
-0.04302106;-0.2690208;0.01764488;0.3490196;0.7607843;0.7960784
-0.04302106;-0.2690208;0.01764488;0.3490196;0.7607843;0.7960784
-0.04333087;-0.2789247;0.0273484;0.3490196;0.7607843;0.7960784
-0.04333087;-0.2789247;0.0273484;0.3490196;0.7607843;0.7960784
-0.04337447;-0.2802798;0.02857494;0.3490196;0.7607843;0.7960784
-0.04337447;-0.2802798;0.02857494;0.3490196;0.7607843;0.7960784
-0.04366641;-0.2864642;0.03273737;0.3490196;0.7607843;0.7960784
-0.04366641;-0.2864642;0.03273737;0.3490196;0.7607843;0.7960784
-0.04381444;-0.287378;0.03312325;0.3490196;0.7607843;0.7960784
-0.04381444;-0.287378;0.03312325;0.3490196;0.7607843;0.7960784
-0.04468348;-0.2897635;0.03330314;0.3490196;0.7607843;0.7960784
-0.01676699;-0.2414855;0.02732348;0.3490196;0.7607843;0.7960784
-0.01872143;-0.2433111;0.02672923;0.3490196;0.7607843;0.7960784
-0.01872143;-0.2433111;0.02672923;0.3490196;0.7607843;0.7960784
-0.01887293;-0.243621;0.02794206;0.3490196;0.7607843;0.7960784
-0.01887293;-0.243621;0.02794206;0.3490196;0.7607843;0.7960784
-0.01983925;-0.2443011;0.02999878;0.3490196;0.7607843;0.7960784
-0.01983925;-0.2443011;0.02999878;0.3490196;0.7607843;0.7960784
-0.02004196;-0.2416339;0.03353918;0.3490196;0.7607843;0.7960784
-0.02004196;-0.2416339;0.03353918;0.3490196;0.7607843;0.7960784
-0.02007837;-0.2406583;0.03428161;0.3490196;0.7607843;0.7960784
-0.02007837;-0.2406583;0.03428161;0.3490196;0.7607843;0.7960784
-0.02021196;-0.2359244;0.0379076;0.3490196;0.7607843;0.7960784
-0.02021196;-0.2359244;0.0379076;0.3490196;0.7607843;0.7960784
-0.02037166;-0.234402;0.03931284;0.3490196;0.7607843;0.7960784
-0.02037166;-0.234402;0.03931284;0.3490196;0.7607843;0.7960784
-0.02089003;-0.2250793;0.04612219;0.3490196;0.7607843;0.7960784
-0.02089003;-0.2250793;0.04612219;0.3490196;0.7607843;0.7960784
-0.021321;-0.2140831;0.05382752;0.3490196;0.7607843;0.7960784
-0.021321;-0.2140831;0.05382752;0.3490196;0.7607843;0.7960784
-0.02135547;-0.2117718;0.05534136;0.3490196;0.7607843;0.7960784
-0.02135547;-0.2117718;0.05534136;0.3490196;0.7607843;0.7960784
-0.02238258;-0.1994746;0.06380928;0.3490196;0.7607843;0.7960784
-0.02238258;-0.1994746;0.06380928;0.3490196;0.7607843;0.7960784
-0.02245673;-0.1957342;0.06611991;0.3490196;0.7607843;0.7960784
-0.02245673;-0.1957342;0.06611991;0.3490196;0.7607843;0.7960784
-0.02371108;-0.177855;0.07845497;0.3490196;0.7607843;0.7960784
-0.02371108;-0.177855;0.07845497;0.3490196;0.7607843;0.7960784
-0.02451;-0.1573523;0.09236956;0.3490196;0.7607843;0.7960784
-0.02451;-0.1573523;0.09236956;0.3490196;0.7607843;0.7960784
-0.0226176;-0.131812;0.1046011;0.3490196;0.7607843;0.7960784
-0.0226176;-0.131812;0.1046011;0.3490196;0.7607843;0.7960784
-0.02256162;-0.1278444;0.1067995;0.3490196;0.7607843;0.7960784
-0.02256162;-0.1278444;0.1067995;0.3490196;0.7607843;0.7960784
-0.02192019;-0.1064524;0.1189759;0.3490196;0.7607843;0.7960784
-0.02192019;-0.1064524;0.1189759;0.3490196;0.7607843;0.7960784
-0.02187248;-0.09961367;0.1225201;0.3490196;0.7607843;0.7960784
-0.02187248;-0.09961367;0.1225201;0.3490196;0.7607843;0.7960784
-0.02201771;-0.08289368;0.1314645;0.3490196;0.7607843;0.7960784
-0.02201771;-0.08289368;0.1314645;0.3490196;0.7607843;0.7960784
-0.02232637;-0.07426578;0.1360254;0.3490196;0.7607843;0.7960784
-0.02232637;-0.07426578;0.1360254;0.3490196;0.7607843;0.7960784
-0.02291064;-0.0576601;0.1441852;0.3490196;0.7607843;0.7960784
-0.02291064;-0.0576601;0.1441852;0.3490196;0.7607843;0.7960784
-0.02321995;-0.04860419;0.1482632;0.3490196;0.7607843;0.7960784
-0.02321995;-0.04860419;0.1482632;0.3490196;0.7607843;0.7960784
-0.02407006;-0.02844627;0.1566901;0.3490196;0.7607843;0.7960784
-0.02407006;-0.02844627;0.1566901;0.3490196;0.7607843;0.7960784
-0.02430191;-0.02338376;0.1587491;0.3490196;0.7607843;0.7960784
-0.02430191;-0.02338376;0.1587491;0.3490196;0.7607843;0.7960784
-0.02496051;-0.004506071;0.1661074;0.3490196;0.7607843;0.7960784
-0.02496051;-0.004506071;0.1661074;0.3490196;0.7607843;0.7960784
-0.02513182;0.00169684;0.1684587;0.3490196;0.7607843;0.7960784
-0.02513182;0.00169684;0.1684587;0.3490196;0.7607843;0.7960784
-0.02556898;0.01676179;0.1750039;0.3490196;0.7607843;0.7960784
-0.02556898;0.01676179;0.1750039;0.3490196;0.7607843;0.7960784
-0.02577902;0.02653296;0.179515;0.3490196;0.7607843;0.7960784
-0.02577902;0.02653296;0.179515;0.3490196;0.7607843;0.7960784
-0.0253132;0.04320768;0.1872201;0.3490196;0.7607843;0.7960784
-0.0253132;0.04320768;0.1872201;0.3490196;0.7607843;0.7960784
-0.02521518;0.04646408;0.1886748;0.3490196;0.7607843;0.7960784
-0.02521518;0.04646408;0.1886748;0.3490196;0.7607843;0.7960784
-0.02515363;0.06153299;0.195456;0.3490196;0.7607843;0.7960784
-0.02515363;0.06153299;0.195456;0.3490196;0.7607843;0.7960784
-0.02510762;0.06511971;0.1970685;0.3490196;0.7607843;0.7960784
-0.02510762;0.06511971;0.1970685;0.3490196;0.7607843;0.7960784
-0.0251005;0.07700762;0.2026218;0.3490196;0.7607843;0.7960784
-0.0251005;0.07700762;0.2026218;0.3490196;0.7607843;0.7960784
-0.02509472;0.08066808;0.2043278;0.3490196;0.7607843;0.7960784
-0.02509472;0.08066808;0.2043278;0.3490196;0.7607843;0.7960784
-0.02427299;0.09547353;0.2099942;0.3490196;0.7607843;0.7960784
-0.02427299;0.09547353;0.2099942;0.3490196;0.7607843;0.7960784
-0.02500734;0.1036252;0.2143432;0.3490196;0.7607843;0.7960784
-0.02500734;0.1036252;0.2143432;0.3490196;0.7607843;0.7960784
-0.02509984;0.104802;0.2150182;0.3490196;0.7607843;0.7960784
-0.02509984;0.104802;0.2150182;0.3490196;0.7607843;0.7960784
-0.02578904;0.1094302;0.2182468;0.3490196;0.7607843;0.7960784
-0.02578904;0.1094302;0.2182468;0.3490196;0.7607843;0.7960784
-0.02596815;0.1101288;0.2193023;0.3490196;0.7607843;0.7960784
-0.02596815;0.1101288;0.2193023;0.3490196;0.7607843;0.7960784
-0.02608489;0.1129755;0.2210704;0.3490196;0.7607843;0.7960784
-0.02608489;0.1129755;0.2210704;0.3490196;0.7607843;0.7960784
-0.02605942;0.1140206;0.2213093;0.3490196;0.7607843;0.7960784
-0.03178038;0.1000438;0.2181541;0.3490196;0.7607843;0.7960784
-0.03514131;0.1014648;0.21491;0.3490196;0.7607843;0.7960784
-0.03514131;0.1014648;0.21491;0.3490196;0.7607843;0.7960784
-0.0365346;0.1061907;0.2119865;0.3490196;0.7607843;0.7960784
-0.0365346;0.1061907;0.2119865;0.3490196;0.7607843;0.7960784
-0.0365225;0.1135715;0.2089584;0.3490196;0.7607843;0.7960784
-0.0365225;0.1135715;0.2089584;0.3490196;0.7607843;0.7960784
-0.03626304;0.1154298;0.2081748;0.3490196;0.7607843;0.7960784
-0.03626304;0.1154298;0.2081748;0.3490196;0.7607843;0.7960784
-0.03296009;0.1368797;0.1987834;0.3490196;0.7607843;0.7960784
-0.03296009;0.1368797;0.1987834;0.3490196;0.7607843;0.7960784
-0.03178226;0.1428877;0.1958109;0.3490196;0.7607843;0.7960784
-0.03178226;0.1428877;0.1958109;0.3490196;0.7607843;0.7960784
-0.02925321;0.1585367;0.1870512;0.3490196;0.7607843;0.7960784
-0.02925321;0.1585367;0.1870512;0.3490196;0.7607843;0.7960784
-0.02651793;0.1762983;0.1760485;0.3490196;0.7607843;0.7960784
-0.02651793;0.1762983;0.1760485;0.3490196;0.7607843;0.7960784
-0.02414969;0.1905986;0.1670408;0.3490196;0.7607843;0.7960784
-0.02414969;0.1905986;0.1670408;0.3490196;0.7607843;0.7960784
-0.02306704;0.1959692;0.163759;0.3490196;0.7607843;0.7960784
-0.02306704;0.1959692;0.163759;0.3490196;0.7607843;0.7960784
-0.02060829;0.2115523;0.154062;0.3490196;0.7607843;0.7960784
-0.02060829;0.2115523;0.154062;0.3490196;0.7607843;0.7960784
-0.01941594;0.2173749;0.1505584;0.3490196;0.7607843;0.7960784
-0.01941594;0.2173749;0.1505584;0.3490196;0.7607843;0.7960784
-0.01259401;0.2445105;0.1357405;0.3490196;0.7607843;0.7960784
-0.01259401;0.2445105;0.1357405;0.3490196;0.7607843;0.7960784
-0.007735305;0.267542;0.1215684;0.3490196;0.7607843;0.7960784
-0.007735305;0.267542;0.1215684;0.3490196;0.7607843;0.7960784
-0.00747671;0.2686947;0.1208204;0.3490196;0.7607843;0.7960784
-0.00747671;0.2686947;0.1208204;0.3490196;0.7607843;0.7960784
-0.00332702;0.2867031;0.1095806;0.3490196;0.7607843;0.7960784
-0.00332702;0.2867031;0.1095806;0.3490196;0.7607843;0.7960784
-0.00173451;0.2929563;0.105718;0.3490196;0.7607843;0.7960784
-0.00173451;0.2929563;0.105718;0.3490196;0.7607843;0.7960784
0.005033314;0.316114;0.09129024;0.3490196;0.7607843;0.7960784
0.005033314;0.316114;0.09129024;0.3490196;0.7607843;0.7960784
0.01222815;0.3374057;0.07737732;0.3490196;0.7607843;0.7960784
0.01222815;0.3374057;0.07737732;0.3490196;0.7607843;0.7960784
0.016729;0.3507502;0.06814539;0.3490196;0.7607843;0.7960784
0.016729;0.3507502;0.06814539;0.3490196;0.7607843;0.7960784
0.01953197;0.3556024;0.06788182;0.3490196;0.7607843;0.7960784
0.01953197;0.3556024;0.06788182;0.3490196;0.7607843;0.7960784
0.02164014;0.3628986;0.0630641;0.3490196;0.7607843;0.7960784
0.02164014;0.3628986;0.0630641;0.3490196;0.7607843;0.7960784
0.02196068;0.3647887;0.06177998;0.3490196;0.7607843;0.7960784
0.02196068;0.3647887;0.06177998;0.3490196;0.7607843;0.7960784
0.02160204;0.3677781;0.05912066;0.3490196;0.7607843;0.7960784
0.02160204;0.3677781;0.05912066;0.3490196;0.7607843;0.7960784
0.02230806;0.3708087;0.05555439;0.3490196;0.7607843;0.7960784
0.02230806;0.3708087;0.05555439;0.3490196;0.7607843;0.7960784
0.02243762;0.3714848;0.05445743;0.3490196;0.7607843;0.7960784
-0.04907446;-0.2846639;0.05189621;0.3490196;0.7607843;0.7960784
-0.04944509;-0.2820001;0.05086434;0.3490196;0.7607843;0.7960784
-0.04944509;-0.2820001;0.05086434;0.3490196;0.7607843;0.7960784
-0.04982721;-0.280931;0.05045664;0.3490196;0.7607843;0.7960784
-0.04982721;-0.280931;0.05045664;0.3490196;0.7607843;0.7960784
-0.05086283;-0.2776551;0.04951322;0.3490196;0.7607843;0.7960784
-0.05086283;-0.2776551;0.04951322;0.3490196;0.7607843;0.7960784
-0.05116879;-0.2742534;0.04881752;0.3490196;0.7607843;0.7960784
-0.05116879;-0.2742534;0.04881752;0.3490196;0.7607843;0.7960784
-0.05127412;-0.2731451;0.04855525;0.3490196;0.7607843;0.7960784
-0.05127412;-0.2731451;0.04855525;0.3490196;0.7607843;0.7960784
-0.05276479;-0.2708113;0.04738593;0.3490196;0.7607843;0.7960784
-0.05276479;-0.2708113;0.04738593;0.3490196;0.7607843;0.7960784
-0.05349234;-0.2685035;0.04642856;0.3490196;0.7607843;0.7960784
-0.05349234;-0.2685035;0.04642856;0.3490196;0.7607843;0.7960784
-0.05545221;-0.2584246;0.04233229;0.3490196;0.7607843;0.7960784
-0.05545221;-0.2584246;0.04233229;0.3490196;0.7607843;0.7960784
-0.06633292;-0.2374199;0.02847779;0.3490196;0.7607843;0.7960784
-0.06633292;-0.2374199;0.02847779;0.3490196;0.7607843;0.7960784
-0.06847451;-0.2341971;0.02603686;0.3490196;0.7607843;0.7960784
-0.06847451;-0.2341971;0.02603686;0.3490196;0.7607843;0.7960784
-0.07439815;-0.2253829;0.0190444;0.3490196;0.7607843;0.7960784
-0.07439815;-0.2253829;0.0190444;0.3490196;0.7607843;0.7960784
-0.07722951;-0.2209069;0.01565421;0.3490196;0.7607843;0.7960784
-0.07722951;-0.2209069;0.01565421;0.3490196;0.7607843;0.7960784
-0.08822993;-0.2049082;0.002923131;0.3490196;0.7607843;0.7960784
-0.08822993;-0.2049082;0.002923131;0.3490196;0.7607843;0.7960784
-0.09817264;-0.1890799;-0.008582115;0.3490196;0.7607843;0.7960784
-0.09817264;-0.1890799;-0.008582115;0.3490196;0.7607843;0.7960784
-0.09993105;-0.1859616;-0.0106405;0.3490196;0.7607843;0.7960784
-0.09993105;-0.1859616;-0.0106405;0.3490196;0.7607843;0.7960784
-0.1081545;-0.1722139;-0.01961398;0.3490196;0.7607843;0.7960784
-0.1081545;-0.1722139;-0.01961398;0.3490196;0.7607843;0.7960784
-0.1122702;-0.1651398;-0.02397132;0.3490196;0.7607843;0.7960784
-0.1122702;-0.1651398;-0.02397132;0.3490196;0.7607843;0.7960784
-0.1237615;-0.1432634;-0.03596032;0.3490196;0.7607843;0.7960784
-0.1237615;-0.1432634;-0.03596032;0.3490196;0.7607843;0.7960784
-0.1346147;-0.1195907;-0.04727626;0.3490196;0.7607843;0.7960784
-0.1346147;-0.1195907;-0.04727626;0.3490196;0.7607843;0.7960784
-0.1425979;-0.09947747;-0.05609345;0.3490196;0.7607843;0.7960784
-0.1425979;-0.09947747;-0.05609345;0.3490196;0.7607843;0.7960784
-0.1445114;-0.09424008;-0.05830669;0.3490196;0.7607843;0.7960784
-0.1445114;-0.09424008;-0.05830669;0.3490196;0.7607843;0.7960784
-0.15089;-0.07712497;-0.06546926;0.3490196;0.7607843;0.7960784
-0.15089;-0.07712497;-0.06546926;0.3490196;0.7607843;0.7960784
-0.1535444;-0.07008331;-0.06849158;0.3490196;0.7607843;0.7960784
-0.1535444;-0.07008331;-0.06849158;0.3490196;0.7607843;0.7960784
-0.162427;-0.04842749;-0.07808137;0.3490196;0.7607843;0.7960784
-0.162427;-0.04842749;-0.07808137;0.3490196;0.7607843;0.7960784
-0.1705013;-0.02809436;-0.08759201;0.3490196;0.7607843;0.7960784
-0.1705013;-0.02809436;-0.08759201;0.3490196;0.7607843;0.7960784
-0.1761899;-0.01284608;-0.09480214;0.3490196;0.7607843;0.7960784
-0.1761899;-0.01284608;-0.09480214;0.3490196;0.7607843;0.7960784
-0.1775306;-0.00920392;-0.09645951;0.3490196;0.7607843;0.7960784
-0.1775306;-0.00920392;-0.09645951;0.3490196;0.7607843;0.7960784
-0.1815312;0.003429612;-0.1014003;0.3490196;0.7607843;0.7960784
-0.1815312;0.003429612;-0.1014003;0.3490196;0.7607843;0.7960784
-0.1826708;0.007299695;-0.1027514;0.3490196;0.7607843;0.7960784
-0.1826708;0.007299695;-0.1027514;0.3490196;0.7607843;0.7960784
-0.1861525;0.02089834;-0.106688;0.3490196;0.7607843;0.7960784
-0.1861525;0.02089834;-0.106688;0.3490196;0.7607843;0.7960784
-0.1882369;0.03043022;-0.1089827;0.3490196;0.7607843;0.7960784
-0.1882369;0.03043022;-0.1089827;0.3490196;0.7607843;0.7960784
-0.1886257;0.03180159;-0.109347;0.3490196;0.7607843;0.7960784
-0.1886257;0.03180159;-0.109347;0.3490196;0.7607843;0.7960784
-0.1900067;0.03750622;-0.1101241;0.3490196;0.7607843;0.7960784
-0.1900067;0.03750622;-0.1101241;0.3490196;0.7607843;0.7960784
-0.1902605;0.04026495;-0.1090689;0.3490196;0.7607843;0.7960784
-0.1902605;0.04026495;-0.1090689;0.3490196;0.7607843;0.7960784
-0.1899448;0.040987;-0.1082542;0.3490196;0.7607843;0.7960784
-0.1899448;0.040987;-0.1082542;0.3490196;0.7607843;0.7960784
-0.1893116;0.04184395;-0.1070195;0.3490196;0.7607843;0.7960784
-0.1893116;0.04184395;-0.1070195;0.3490196;0.7607843;0.7960784
-0.1879907;0.04169696;-0.1053354;0.3490196;0.7607843;0.7960784
-0.1879907;0.04169696;-0.1053354;0.3490196;0.7607843;0.7960784
-0.1872969;0.04124541;-0.1046808;0.3490196;0.7607843;0.7960784
-0.1872969;0.04124541;-0.1046808;0.3490196;0.7607843;0.7960784
-0.1864558;0.04027975;-0.1040927;0.3490196;0.7607843;0.7960784
-0.1911751;0.04474899;-0.1054106;0.3490196;0.7607843;0.7960784
-0.1905384;0.04738296;-0.1036105;0.3490196;0.7607843;0.7960784
-0.1905384;0.04738296;-0.1036105;0.3490196;0.7607843;0.7960784
-0.1900338;0.04890597;-0.1026583;0.3490196;0.7607843;0.7960784
-0.1900338;0.04890597;-0.1026583;0.3490196;0.7607843;0.7960784
-0.187381;0.05559601;-0.09915519;0.3490196;0.7607843;0.7960784
-0.187381;0.05559601;-0.09915519;0.3490196;0.7607843;0.7960784
-0.1835546;0.06434955;-0.09549725;0.3490196;0.7607843;0.7960784
-0.1835546;0.06434955;-0.09549725;0.3490196;0.7607843;0.7960784
-0.1820264;0.06771333;-0.09411907;0.3490196;0.7607843;0.7960784
-0.1820264;0.06771333;-0.09411907;0.3490196;0.7607843;0.7960784
-0.1769695;0.07838876;-0.08959484;0.3490196;0.7607843;0.7960784
-0.1769695;0.07838876;-0.08959484;0.3490196;0.7607843;0.7960784
-0.1745994;0.08301232;-0.08772361;0.3490196;0.7607843;0.7960784
-0.1745994;0.08301232;-0.08772361;0.3490196;0.7607843;0.7960784
-0.166458;0.09783217;-0.08117938;0.3490196;0.7607843;0.7960784
-0.166458;0.09783217;-0.08117938;0.3490196;0.7607843;0.7960784
-0.1634768;0.1030797;-0.07864785;0.3490196;0.7607843;0.7960784
-0.1634768;0.1030797;-0.07864785;0.3490196;0.7607843;0.7960784
-0.149733;0.1262351;-0.06752849;0.3490196;0.7607843;0.7960784
-0.149733;0.1262351;-0.06752849;0.3490196;0.7607843;0.7960784
-0.1370979;0.1470771;-0.05702591;0.3490196;0.7607843;0.7960784
-0.1370979;0.1470771;-0.05702591;0.3490196;0.7607843;0.7960784
-0.134765;0.1508899;-0.05504227;0.3490196;0.7607843;0.7960784
-0.134765;0.1508899;-0.05504227;0.3490196;0.7607843;0.7960784
-0.1211204;0.1729243;-0.0436002;0.3490196;0.7607843;0.7960784
-0.1211204;0.1729243;-0.0436002;0.3490196;0.7607843;0.7960784
-0.1185709;0.176924;-0.04145873;0.3490196;0.7607843;0.7960784
-0.1185709;0.176924;-0.04145873;0.3490196;0.7607843;0.7960784
-0.106829;0.1951747;-0.03147876;0.3490196;0.7607843;0.7960784
-0.106829;0.1951747;-0.03147876;0.3490196;0.7607843;0.7960784
-0.1018475;0.2028969;-0.02712238;0.3490196;0.7607843;0.7960784
-0.1018475;0.2028969;-0.02712238;0.3490196;0.7607843;0.7960784
-0.0875853;0.2239651;-0.01432323;0.3490196;0.7607843;0.7960784
-0.0875853;0.2239651;-0.01432323;0.3490196;0.7607843;0.7960784
-0.08489677;0.2277295;-0.0118264;0.3490196;0.7607843;0.7960784
-0.08489677;0.2277295;-0.0118264;0.3490196;0.7607843;0.7960784
-0.07068135;0.2461551;0.002162218;0.3490196;0.7607843;0.7960784
-0.07068135;0.2461551;0.002162218;0.3490196;0.7607843;0.7960784
-0.06713491;0.2503712;0.005630255;0.3490196;0.7607843;0.7960784
-0.06713491;0.2503712;0.005630255;0.3490196;0.7607843;0.7960784
-0.05514937;0.263457;0.01780117;0.3490196;0.7607843;0.7960784
-0.05514937;0.263457;0.01780117;0.3490196;0.7607843;0.7960784
-0.04984573;0.2688622;0.0231365;0.3490196;0.7607843;0.7960784
-0.04984573;0.2688622;0.0231365;0.3490196;0.7607843;0.7960784
-0.03241199;0.2869902;0.03886259;0.3490196;0.7607843;0.7960784
-0.03241199;0.2869902;0.03886259;0.3490196;0.7607843;0.7960784
-0.008547805;0.3152684;0.06129158;0.3490196;0.7607843;0.7960784
-0.008547805;0.3152684;0.06129158;0.3490196;0.7607843;0.7960784
-0.002121694;0.3255258;0.06980109;0.3490196;0.7607843;0.7960784
-0.04219755;-0.2971732;0.04414344;0.3490196;0.7607843;0.7960784
-0.04080998;-0.2913517;0.04357898;0.3490196;0.7607843;0.7960784
-0.04080998;-0.2913517;0.04357898;0.3490196;0.7607843;0.7960784
-0.0404782;-0.2894634;0.04326582;0.3490196;0.7607843;0.7960784
-0.0404782;-0.2894634;0.04326582;0.3490196;0.7607843;0.7960784
-0.03953376;-0.2858942;0.0427736;0.3490196;0.7607843;0.7960784
-0.03953376;-0.2858942;0.0427736;0.3490196;0.7607843;0.7960784
-0.0391359;-0.2835339;0.04217291;0.3490196;0.7607843;0.7960784
-0.0391359;-0.2835339;0.04217291;0.3490196;0.7607843;0.7960784
-0.03861919;-0.2777282;0.04041147;0.3490196;0.7607843;0.7960784
-0.03861919;-0.2777282;0.04041147;0.3490196;0.7607843;0.7960784
-0.03804781;-0.2739998;0.0390054;0.3490196;0.7607843;0.7960784
-0.03804781;-0.2739998;0.0390054;0.3490196;0.7607843;0.7960784
-0.03756814;-0.2720782;0.03836775;0.3490196;0.7607843;0.7960784
-0.03756814;-0.2720782;0.03836775;0.3490196;0.7607843;0.7960784
-0.03635203;-0.2676876;0.03697681;0.3490196;0.7607843;0.7960784
-0.03635203;-0.2676876;0.03697681;0.3490196;0.7607843;0.7960784
-0.0360278;-0.2660747;0.03635347;0.3490196;0.7607843;0.7960784
-0.0360278;-0.2660747;0.03635347;0.3490196;0.7607843;0.7960784
-0.03456134;-0.2617285;0.03498054;0.3490196;0.7607843;0.7960784
-0.03456134;-0.2617285;0.03498054;0.3490196;0.7607843;0.7960784
-0.02908415;-0.2480558;0.03105164;0.3490196;0.7607843;0.7960784
-0.02908415;-0.2480558;0.03105164;0.3490196;0.7607843;0.7960784
-0.02563752;-0.238237;0.02746809;0.3490196;0.7607843;0.7960784
-0.02563752;-0.238237;0.02746809;0.3490196;0.7607843;0.7960784
-0.0246131;-0.2354887;0.02649188;0.3490196;0.7607843;0.7960784
-0.0246131;-0.2354887;0.02649188;0.3490196;0.7607843;0.7960784
-0.02088391;-0.2254068;0.0229516;0.3490196;0.7607843;0.7960784
-0.02088391;-0.2254068;0.0229516;0.3490196;0.7607843;0.7960784
-0.01884614;-0.2198285;0.02084041;0.3490196;0.7607843;0.7960784
-0.01884614;-0.2198285;0.02084041;0.3490196;0.7607843;0.7960784
-0.01575746;-0.2109425;0.01726282;0.3490196;0.7607843;0.7960784
-0.01575746;-0.2109425;0.01726282;0.3490196;0.7607843;0.7960784
-0.01263767;-0.2022412;0.01377213;0.3490196;0.7607843;0.7960784
-0.01263767;-0.2022412;0.01377213;0.3490196;0.7607843;0.7960784
-0.006779782;-0.1856767;0.006925344;0.3490196;0.7607843;0.7960784
-0.006779782;-0.1856767;0.006925344;0.3490196;0.7607843;0.7960784
-0.005213268;-0.1812408;0.005017519;0.3490196;0.7607843;0.7960784
-0.005213268;-0.1812408;0.005017519;0.3490196;0.7607843;0.7960784
0.00115674;-0.163464;-0.002805948;0.3490196;0.7607843;0.7960784
0.00115674;-0.163464;-0.002805948;0.3490196;0.7607843;0.7960784
0.003119051;-0.1583649;-0.004846334;0.3490196;0.7607843;0.7960784
0.003119051;-0.1583649;-0.004846334;0.3490196;0.7607843;0.7960784
0.01009855;-0.141286;-0.01133251;0.3490196;0.7607843;0.7960784
0.01009855;-0.141286;-0.01133251;0.3490196;0.7607843;0.7960784
0.01373876;-0.132117;-0.01469111;0.3490196;0.7607843;0.7960784
0.01373876;-0.132117;-0.01469111;0.3490196;0.7607843;0.7960784
0.02029352;-0.1164242;-0.02005506;0.3490196;0.7607843;0.7960784
0.02029352;-0.1164242;-0.02005506;0.3490196;0.7607843;0.7960784
0.0233703;-0.1092897;-0.02248383;0.3490196;0.7607843;0.7960784
0.0233703;-0.1092897;-0.02248383;0.3490196;0.7607843;0.7960784
0.02584823;-0.1036311;-0.02438116;0.3490196;0.7607843;0.7960784
0.02584823;-0.1036311;-0.02438116;0.3490196;0.7607843;0.7960784
0.0355913;-0.0812724;-0.03163254;0.3490196;0.7607843;0.7960784
0.0355913;-0.0812724;-0.03163254;0.3490196;0.7607843;0.7960784
0.03809924;-0.07562376;-0.03339577;0.3490196;0.7607843;0.7960784
0.03809924;-0.07562376;-0.03339577;0.3490196;0.7607843;0.7960784
0.04583219;-0.05754052;-0.03889275;0.3490196;0.7607843;0.7960784
0.04583219;-0.05754052;-0.03889275;0.3490196;0.7607843;0.7960784
0.04817568;-0.05192444;-0.04058826;0.3490196;0.7607843;0.7960784
0.04817568;-0.05192444;-0.04058826;0.3490196;0.7607843;0.7960784
0.05745273;-0.02853836;-0.04734945;0.3490196;0.7607843;0.7960784
0.05745273;-0.02853836;-0.04734945;0.3490196;0.7607843;0.7960784
0.05888147;-0.02461774;-0.04838204;0.3490196;0.7607843;0.7960784
0.05888147;-0.02461774;-0.04838204;0.3490196;0.7607843;0.7960784
0.06889001;0.002490855;-0.05535269;0.3490196;0.7607843;0.7960784
0.06889001;0.002490855;-0.05535269;0.3490196;0.7607843;0.7960784
0.07806437;0.0282824;-0.06101334;0.3490196;0.7607843;0.7960784
0.07806437;0.0282824;-0.06101334;0.3490196;0.7607843;0.7960784
0.08795438;0.05477078;-0.06584764;0.3490196;0.7607843;0.7960784
0.08795438;0.05477078;-0.06584764;0.3490196;0.7607843;0.7960784
0.09218181;0.06623716;-0.06829572;0.3490196;0.7607843;0.7960784
0.09218181;0.06623716;-0.06829572;0.3490196;0.7607843;0.7960784
0.09310806;0.06851108;-0.06870055;0.3490196;0.7607843;0.7960784
0.09310806;0.06851108;-0.06870055;0.3490196;0.7607843;0.7960784
0.09835879;0.07933619;-0.07016921;0.3490196;0.7607843;0.7960784
0.09835879;0.07933619;-0.07016921;0.3490196;0.7607843;0.7960784
0.1030181;0.08600944;-0.07056606;0.3490196;0.7607843;0.7960784
0.1030181;0.08600944;-0.07056606;0.3490196;0.7607843;0.7960784
0.1059701;0.08932526;-0.07051086;0.3490196;0.7607843;0.7960784
0.1059701;0.08932526;-0.07051086;0.3490196;0.7607843;0.7960784
0.1070758;0.09189229;-0.07091236;0.3490196;0.7607843;0.7960784
0.1070758;0.09189229;-0.07091236;0.3490196;0.7607843;0.7960784
0.1090629;0.09385608;-0.07060719;0.3490196;0.7607843;0.7960784
0.1090629;0.09385608;-0.07060719;0.3490196;0.7607843;0.7960784
0.1091558;0.09226489;-0.06983459;0.3490196;0.7607843;0.7960784
0.1091558;0.09226489;-0.06983459;0.3490196;0.7607843;0.7960784
0.1086671;0.0908542;-0.06959105;0.3490196;0.7607843;0.7960784
0.1170001;0.1085444;-0.07301402;0.3490196;0.7607843;0.7960784
0.116503;0.1077012;-0.07353783;0.3490196;0.7607843;0.7960784
0.116503;0.1077012;-0.07353783;0.3490196;0.7607843;0.7960784
0.1143982;0.1030629;-0.07626712;0.3490196;0.7607843;0.7960784
0.1143982;0.1030629;-0.07626712;0.3490196;0.7607843;0.7960784
0.1140108;0.1019363;-0.07698703;0.3490196;0.7607843;0.7960784
0.1140108;0.1019363;-0.07698703;0.3490196;0.7607843;0.7960784
0.1125916;0.09837763;-0.07917678;0.3490196;0.7607843;0.7960784
0.1125916;0.09837763;-0.07917678;0.3490196;0.7607843;0.7960784
0.1120486;0.09703051;-0.08004487;0.3490196;0.7607843;0.7960784
0.1120486;0.09703051;-0.08004487;0.3490196;0.7607843;0.7960784
0.110399;0.09335814;-0.08256948;0.3490196;0.7607843;0.7960784
0.110399;0.09335814;-0.08256948;0.3490196;0.7607843;0.7960784
0.1092184;0.09071511;-0.08365619;0.3490196;0.7607843;0.7960784
0.1092184;0.09071511;-0.08365619;0.3490196;0.7607843;0.7960784
0.1077871;0.0889166;-0.08385813;0.3490196;0.7607843;0.7960784
0.1077871;0.0889166;-0.08385813;0.3490196;0.7607843;0.7960784
0.1066113;0.08910237;-0.08372211;0.3490196;0.7607843;0.7960784
0.1066113;0.08910237;-0.08372211;0.3490196;0.7607843;0.7960784
0.1056927;0.09176737;-0.08303773;0.3490196;0.7607843;0.7960784
0.1056927;0.09176737;-0.08303773;0.3490196;0.7607843;0.7960784
0.1051937;0.09318671;-0.08259439;0.3490196;0.7607843;0.7960784
0.1051937;0.09318671;-0.08259439;0.3490196;0.7607843;0.7960784
0.1042838;0.09889342;-0.08069491;0.3490196;0.7607843;0.7960784
0.1042838;0.09889342;-0.08069491;0.3490196;0.7607843;0.7960784
0.1039599;0.09993308;-0.08029592;0.3490196;0.7607843;0.7960784
0.1039599;0.09993308;-0.08029592;0.3490196;0.7607843;0.7960784
0.1018671;0.1065375;-0.07729995;0.3490196;0.7607843;0.7960784
0.1018671;0.1065375;-0.07729995;0.3490196;0.7607843;0.7960784
0.1014476;0.1088495;-0.0762471;0.3490196;0.7607843;0.7960784
0.1014476;0.1088495;-0.0762471;0.3490196;0.7607843;0.7960784
0.09910452;0.1173846;-0.07201946;0.3490196;0.7607843;0.7960784
0.09910452;0.1173846;-0.07201946;0.3490196;0.7607843;0.7960784
0.09769607;0.1222961;-0.06958091;0.3490196;0.7607843;0.7960784
0.09769607;0.1222961;-0.06958091;0.3490196;0.7607843;0.7960784
0.09521619;0.1335305;-0.06408501;0.3490196;0.7607843;0.7960784
0.09521619;0.1335305;-0.06408501;0.3490196;0.7607843;0.7960784
0.08909769;0.1588205;-0.05142498;0.3490196;0.7607843;0.7960784
0.08909769;0.1588205;-0.05142498;0.3490196;0.7607843;0.7960784
0.08854487;0.1610871;-0.05024922;0.3490196;0.7607843;0.7960784
0.08854487;0.1610871;-0.05024922;0.3490196;0.7607843;0.7960784
0.08472225;0.1817437;-0.03897083;0.3490196;0.7607843;0.7960784
0.08472225;0.1817437;-0.03897083;0.3490196;0.7607843;0.7960784
0.08356579;0.1871886;-0.0358789;0.3490196;0.7607843;0.7960784
0.08356579;0.1871886;-0.0358789;0.3490196;0.7607843;0.7960784
0.07989508;0.2051981;-0.02559102;0.3490196;0.7607843;0.7960784
0.07989508;0.2051981;-0.02559102;0.3490196;0.7607843;0.7960784
0.0779027;0.2152163;-0.01996541;0.3490196;0.7607843;0.7960784
0.0779027;0.2152163;-0.01996541;0.3490196;0.7607843;0.7960784
0.07216308;0.2438819;-0.003909469;0.3490196;0.7607843;0.7960784
0.07216308;0.2438819;-0.003909469;0.3490196;0.7607843;0.7960784
0.0661347;0.2640899;0.008009315;0.3490196;0.7607843;0.7960784
0.0661347;0.2640899;0.008009315;0.3490196;0.7607843;0.7960784
0.0643811;0.2687253;0.01085281;0.3490196;0.7607843;0.7960784
0.0643811;0.2687253;0.01085281;0.3490196;0.7607843;0.7960784
0.05810132;0.2837607;0.01999378;0.3490196;0.7607843;0.7960784
0.05810132;0.2837607;0.01999378;0.3490196;0.7607843;0.7960784
0.05536167;0.2898332;0.02362347;0.3490196;0.7607843;0.7960784
0.05536167;0.2898332;0.02362347;0.3490196;0.7607843;0.7960784
0.04937078;0.302176;0.03140879;0.3490196;0.7607843;0.7960784
0.04937078;0.302176;0.03140879;0.3490196;0.7607843;0.7960784
0.04620362;0.3085548;0.03575253;0.3490196;0.7607843;0.7960784
0.04620362;0.3085548;0.03575253;0.3490196;0.7607843;0.7960784
0.03738757;0.3250199;0.04838765;0.3490196;0.7607843;0.7960784
0.03738757;0.3250199;0.04838765;0.3490196;0.7607843;0.7960784
0.02933697;0.3359192;0.05941677;0.3490196;0.7607843;0.7960784
0.02933697;0.3359192;0.05941677;0.3490196;0.7607843;0.7960784
0.02841017;0.336907;0.06052744;0.3490196;0.7607843;0.7960784
0.02841017;0.336907;0.06052744;0.3490196;0.7607843;0.7960784
0.02476759;0.3452232;0.0666436;0.3490196;0.7607843;0.7960784
0.02476759;0.3452232;0.0666436;0.3490196;0.7607843;0.7960784
0.02361775;0.3462685;0.06755292;0.3490196;0.7607843;0.7960784
0.02361775;0.3462685;0.06755292;0.3490196;0.7607843;0.7960784
0.0187727;0.3508266;0.06998527;0.3490196;0.7607843;0.7960784
0.0187727;0.3508266;0.06998527;0.3490196;0.7607843;0.7960784
0.01795525;0.3519529;0.07023132;0.3490196;0.7607843;0.7960784
0.03480753;0.4062091;0.08624852;0.3490196;0.7607843;0.7960784
0.03247668;0.4037548;0.08507383;0.3490196;0.7607843;0.7960784
0.03247668;0.4037548;0.08507383;0.3490196;0.7607843;0.7960784
0.03142927;0.4024775;0.0846926;0.3490196;0.7607843;0.7960784
0.03142927;0.4024775;0.0846926;0.3490196;0.7607843;0.7960784
0.02937586;0.3986672;0.08505082;0.3490196;0.7607843;0.7960784
0.02937586;0.3986672;0.08505082;0.3490196;0.7607843;0.7960784
0.02883672;0.3974936;0.08538795;0.3490196;0.7607843;0.7960784
0.02883672;0.3974936;0.08538795;0.3490196;0.7607843;0.7960784
0.02705959;0.3919631;0.08736014;0.3490196;0.7607843;0.7960784
0.02705959;0.3919631;0.08736014;0.3490196;0.7607843;0.7960784
0.02672499;0.3904657;0.08782625;0.3490196;0.7607843;0.7960784
0.02672499;0.3904657;0.08782625;0.3490196;0.7607843;0.7960784
0.02582115;0.3843528;0.08960593;0.3490196;0.7607843;0.7960784
0.02582115;0.3843528;0.08960593;0.3490196;0.7607843;0.7960784
0.02546102;0.3811693;0.09030092;0.3490196;0.7607843;0.7960784
0.02546102;0.3811693;0.09030092;0.3490196;0.7607843;0.7960784
0.02502491;0.3740175;0.09203351;0.3490196;0.7607843;0.7960784
0.02502491;0.3740175;0.09203351;0.3490196;0.7607843;0.7960784
0.02492308;0.3685743;0.09352863;0.3490196;0.7607843;0.7960784
0.02492308;0.3685743;0.09352863;0.3490196;0.7607843;0.7960784
0.02474515;0.3350398;0.1043898;0.3490196;0.7607843;0.7960784
0.02474515;0.3350398;0.1043898;0.3490196;0.7607843;0.7960784
0.02472663;0.3317224;0.1055347;0.3490196;0.7607843;0.7960784
0.02472663;0.3317224;0.1055347;0.3490196;0.7607843;0.7960784
0.0256797;0.3167579;0.1104227;0.3490196;0.7607843;0.7960784
0.0256797;0.3167579;0.1104227;0.3490196;0.7607843;0.7960784
0.02572904;0.3092244;0.1128079;0.3490196;0.7607843;0.7960784
0.02572904;0.3092244;0.1128079;0.3490196;0.7607843;0.7960784
0.02547765;0.2929569;0.1166751;0.3490196;0.7607843;0.7960784
0.02547765;0.2929569;0.1166751;0.3490196;0.7607843;0.7960784
0.02548759;0.2817152;0.119283;0.3490196;0.7607843;0.7960784
0.02548759;0.2817152;0.119283;0.3490196;0.7607843;0.7960784
0.02614485;0.2587383;0.1260135;0.3490196;0.7607843;0.7960784
0.02614485;0.2587383;0.1260135;0.3490196;0.7607843;0.7960784
0.02595397;0.2521703;0.1273286;0.3490196;0.7607843;0.7960784
0.02595397;0.2521703;0.1273286;0.3490196;0.7607843;0.7960784
0.02424764;0.2254077;0.1326587;0.3490196;0.7607843;0.7960784
0.02424764;0.2254077;0.1326587;0.3490196;0.7607843;0.7960784
0.0238822;0.2185739;0.1340606;0.3490196;0.7607843;0.7960784
0.0238822;0.2185739;0.1340606;0.3490196;0.7607843;0.7960784
0.02272857;0.1961552;0.1383772;0.3490196;0.7607843;0.7960784
0.02272857;0.1961552;0.1383772;0.3490196;0.7607843;0.7960784
0.02235036;0.1867994;0.1403967;0.3490196;0.7607843;0.7960784
0.02235036;0.1867994;0.1403967;0.3490196;0.7607843;0.7960784
0.02141289;0.1686188;0.1439769;0.3490196;0.7607843;0.7960784
0.02141289;0.1686188;0.1439769;0.3490196;0.7607843;0.7960784
0.02103243;0.1572922;0.146432;0.3490196;0.7607843;0.7960784
0.02103243;0.1572922;0.146432;0.3490196;0.7607843;0.7960784
0.01997272;0.1348862;0.1506681;0.3490196;0.7607843;0.7960784
0.01997272;0.1348862;0.1506681;0.3490196;0.7607843;0.7960784
0.01985737;0.1301939;0.1516291;0.3490196;0.7607843;0.7960784
0.01985737;0.1301939;0.1516291;0.3490196;0.7607843;0.7960784
0.0195502;0.1128348;0.1553162;0.3490196;0.7607843;0.7960784
0.0195502;0.1128348;0.1553162;0.3490196;0.7607843;0.7960784
0.0195122;0.1092746;0.156238;0.3490196;0.7607843;0.7960784
0.0195122;0.1092746;0.156238;0.3490196;0.7607843;0.7960784
0.01968665;0.09878194;0.1593162;0.3490196;0.7607843;0.7960784
0.01968665;0.09878194;0.1593162;0.3490196;0.7607843;0.7960784
0.01991675;0.09548007;0.1604844;0.3490196;0.7607843;0.7960784
0.01991675;0.09548007;0.1604844;0.3490196;0.7607843;0.7960784
0.02048353;0.09161279;0.1624156;0.3490196;0.7607843;0.7960784
0.02048353;0.09161279;0.1624156;0.3490196;0.7607843;0.7960784
0.02080433;0.09067588;0.1632273;0.3490196;0.7607843;0.7960784
0.02080433;0.09067588;0.1632273;0.3490196;0.7607843;0.7960784
0.02262507;0.09091195;0.165912;0.3490196;0.7607843;0.7960784
0.02262507;0.09091195;0.165912;0.3490196;0.7607843;0.7960784
0.0237878;0.09419665;0.1671673;0.3490196;0.7607843;0.7960784
0.0237878;0.09419665;0.1671673;0.3490196;0.7607843;0.7960784
0.02423785;0.09759605;0.167574;0.3490196;0.7607843;0.7960784
0.02423785;0.09759605;0.167574;0.3490196;0.7607843;0.7960784
0.02436166;0.09893388;0.1675241;0.3490196;0.7607843;0.7960784
0.02436166;0.09893388;0.1675241;0.3490196;0.7607843;0.7960784
0.02443393;0.1010876;0.1671078;0.3490196;0.7607843;0.7960784
0.02443393;0.1010876;0.1671078;0.3490196;0.7607843;0.7960784
0.02451973;0.1025367;0.166712;0.3490196;0.7607843;0.7960784
0.02451973;0.1025367;0.166712;0.3490196;0.7607843;0.7960784
0.02678614;0.1076735;0.1670707;0.3490196;0.7607843;0.7960784
0.02810929;0.1034557;0.1699018;0.3490196;0.7607843;0.7960784
0.02690738;0.0996466;0.1686668;0.3490196;0.7607843;0.7960784
0.02690738;0.0996466;0.1686668;0.3490196;0.7607843;0.7960784
0.02658408;0.09830998;0.168149;0.3490196;0.7607843;0.7960784
0.02658408;0.09830998;0.168149;0.3490196;0.7607843;0.7960784
0.02591736;0.09415459;0.1664991;0.3490196;0.7607843;0.7960784
0.02591736;0.09415459;0.1664991;0.3490196;0.7607843;0.7960784
0.02545417;0.09129467;0.1653271;0.3490196;0.7607843;0.7960784
0.02545417;0.09129467;0.1653271;0.3490196;0.7607843;0.7960784
0.02460501;0.08310449;0.1615593;0.3490196;0.7607843;0.7960784
0.02460501;0.08310449;0.1615593;0.3490196;0.7607843;0.7960784
0.02438795;0.08034714;0.1601629;0.3490196;0.7607843;0.7960784
0.02438795;0.08034714;0.1601629;0.3490196;0.7607843;0.7960784
0.02401458;0.07117741;0.1558491;0.3490196;0.7607843;0.7960784
0.02401458;0.07117741;0.1558491;0.3490196;0.7607843;0.7960784
0.02398868;0.0685664;0.1546658;0.3490196;0.7607843;0.7960784
0.02398868;0.0685664;0.1546658;0.3490196;0.7607843;0.7960784
0.02401686;0.05870767;0.1509353;0.3490196;0.7607843;0.7960784
0.02401686;0.05870767;0.1509353;0.3490196;0.7607843;0.7960784
0.02399451;0.0538327;0.1491657;0.3490196;0.7607843;0.7960784
0.02399451;0.0538327;0.1491657;0.3490196;0.7607843;0.7960784
0.02379657;0.04281856;0.1453227;0.3490196;0.7607843;0.7960784
0.02379657;0.04281856;0.1453227;0.3490196;0.7607843;0.7960784
0.02346808;0.03425871;0.1422943;0.3490196;0.7607843;0.7960784
0.02346808;0.03425871;0.1422943;0.3490196;0.7607843;0.7960784
0.02226306;0.01451366;0.1346465;0.3490196;0.7607843;0.7960784
0.02226306;0.01451366;0.1346465;0.3490196;0.7607843;0.7960784
0.01936478;-0.0157928;0.1208131;0.3490196;0.7607843;0.7960784
0.01936478;-0.0157928;0.1208131;0.3490196;0.7607843;0.7960784
0.01867373;-0.02246045;0.1175226;0.3490196;0.7607843;0.7960784
0.01867373;-0.02246045;0.1175226;0.3490196;0.7607843;0.7960784
0.01611794;-0.0458757;0.1060607;0.3490196;0.7607843;0.7960784
0.01611794;-0.0458757;0.1060607;0.3490196;0.7607843;0.7960784
0.01485895;-0.05649393;0.1009322;0.3490196;0.7607843;0.7960784
0.01485895;-0.05649393;0.1009322;0.3490196;0.7607843;0.7960784
0.01174294;-0.07990922;0.09001982;0.3490196;0.7607843;0.7960784
0.01174294;-0.07990922;0.09001982;0.3490196;0.7607843;0.7960784
0.00987561;-0.09290151;0.08409619;0.3490196;0.7607843;0.7960784
0.00987561;-0.09290151;0.08409619;0.3490196;0.7607843;0.7960784
0.003775604;-0.1304768;0.06808317;0.3490196;0.7607843;0.7960784
0.003775604;-0.1304768;0.06808317;0.3490196;0.7607843;0.7960784
0.0008604303;-0.1524684;0.05883157;0.3490196;0.7607843;0.7960784
0.0008604303;-0.1524684;0.05883157;0.3490196;0.7607843;0.7960784
-0.001390383;-0.1648643;0.05362535;0.3490196;0.7607843;0.7960784
-0.001390383;-0.1648643;0.05362535;0.3490196;0.7607843;0.7960784
-0.00530614;-0.1860089;0.04514837;0.3490196;0.7607843;0.7960784
-0.00530614;-0.1860089;0.04514837;0.3490196;0.7607843;0.7960784
-0.007421933;-0.1964401;0.04136455;0.3490196;0.7607843;0.7960784
-0.007421933;-0.1964401;0.04136455;0.3490196;0.7607843;0.7960784
-0.01071008;-0.2108743;0.03653514;0.3490196;0.7607843;0.7960784
-0.01071008;-0.2108743;0.03653514;0.3490196;0.7607843;0.7960784
-0.01127648;-0.2131667;0.03575253;0.3490196;0.7607843;0.7960784
-0.01127648;-0.2131667;0.03575253;0.3490196;0.7607843;0.7960784
-0.01794066;-0.237699;0.02602518;0.3490196;0.7607843;0.7960784
-0.01794066;-0.237699;0.02602518;0.3490196;0.7607843;0.7960784
-0.01845233;-0.2392108;0.02525961;0.3490196;0.7607843;0.7960784
-0.01845233;-0.2392108;0.02525961;0.3490196;0.7607843;0.7960784
-0.02078556;-0.245349;0.02177358;0.3490196;0.7607843;0.7960784
-0.02078556;-0.245349;0.02177358;0.3490196;0.7607843;0.7960784
-0.02152861;-0.2466784;0.02085936;0.3490196;0.7607843;0.7960784
-0.02152861;-0.2466784;0.02085936;0.3490196;0.7607843;0.7960784
-0.02355215;-0.2485762;0.01861799;0.3490196;0.7607843;0.7960784
0.02075986;0.3021565;0.1070688;0.3490196;0.7607843;0.7960784
0.02070759;0.3003142;0.1077957;0.3490196;0.7607843;0.7960784
0.02070759;0.3003142;0.1077957;0.3490196;0.7607843;0.7960784
0.020376;0.2979093;0.108588;0.3490196;0.7607843;0.7960784
0.020376;0.2979093;0.108588;0.3490196;0.7607843;0.7960784
0.02017345;0.2956018;0.1091894;0.3490196;0.7607843;0.7960784
0.02017345;0.2956018;0.1091894;0.3490196;0.7607843;0.7960784
0.01995693;0.2931454;0.1099725;0.3490196;0.7607843;0.7960784
0.01995693;0.2931454;0.1099725;0.3490196;0.7607843;0.7960784
0.01945762;0.2909383;0.1109511;0.3490196;0.7607843;0.7960784
0.01945762;0.2909383;0.1109511;0.3490196;0.7607843;0.7960784
0.01771197;0.2881859;0.1129059;0.3490196;0.7607843;0.7960784
0.01771197;0.2881859;0.1129059;0.3490196;0.7607843;0.7960784
0.0171199;0.2871938;0.113758;0.3490196;0.7607843;0.7960784
0.0171199;0.2871938;0.113758;0.3490196;0.7607843;0.7960784
0.01472426;0.2839796;0.1167635;0.3490196;0.7607843;0.7960784
0.01472426;0.2839796;0.1167635;0.3490196;0.7607843;0.7960784
0.01193643;0.2800129;0.1201009;0.3490196;0.7607843;0.7960784
0.01193643;0.2800129;0.1201009;0.3490196;0.7607843;0.7960784
0.01094181;0.2784136;0.1212803;0.3490196;0.7607843;0.7960784
0.01094181;0.2784136;0.1212803;0.3490196;0.7607843;0.7960784
0.007312536;0.2727399;0.1250209;0.3490196;0.7607843;0.7960784
0.007312536;0.2727399;0.1250209;0.3490196;0.7607843;0.7960784
0.004659683;0.268043;0.1275667;0.3490196;0.7607843;0.7960784
0.004659683;0.268043;0.1275667;0.3490196;0.7607843;0.7960784
0.003288113;0.2653245;0.1288712;0.3490196;0.7607843;0.7960784
0.003288113;0.2653245;0.1288712;0.3490196;0.7607843;0.7960784
-0.01141655;0.2369238;0.1419725;0.3490196;0.7607843;0.7960784
-0.01141655;0.2369238;0.1419725;0.3490196;0.7607843;0.7960784
-0.01460786;0.2296642;0.1448398;0.3490196;0.7607843;0.7960784
-0.01460786;0.2296642;0.1448398;0.3490196;0.7607843;0.7960784
-0.01816559;0.2222774;0.1477858;0.3490196;0.7607843;0.7960784
-0.01816559;0.2222774;0.1477858;0.3490196;0.7607843;0.7960784
-0.02065267;0.2169823;0.1498337;0.3490196;0.7607843;0.7960784
-0.02065267;0.2169823;0.1498337;0.3490196;0.7607843;0.7960784
-0.02909142;0.1988075;0.1564837;0.3490196;0.7607843;0.7960784
-0.02909142;0.1988075;0.1564837;0.3490196;0.7607843;0.7960784
-0.03401475;0.188378;0.1604755;0.3490196;0.7607843;0.7960784
-0.03401475;0.188378;0.1604755;0.3490196;0.7607843;0.7960784
-0.03796394;0.1801447;0.1637399;0.3490196;0.7607843;0.7960784
-0.03796394;0.1801447;0.1637399;0.3490196;0.7607843;0.7960784
-0.04267965;0.1706301;0.1677091;0.3490196;0.7607843;0.7960784
-0.04267965;0.1706301;0.1677091;0.3490196;0.7607843;0.7960784
-0.04536281;0.1655263;0.1698761;0.3490196;0.7607843;0.7960784
-0.04536281;0.1655263;0.1698761;0.3490196;0.7607843;0.7960784
-0.06075038;0.1301888;0.1839564;0.3490196;0.7607843;0.7960784
-0.06075038;0.1301888;0.1839564;0.3490196;0.7607843;0.7960784
-0.0626146;0.1249911;0.1857018;0.3490196;0.7607843;0.7960784
-0.0626146;0.1249911;0.1857018;0.3490196;0.7607843;0.7960784
-0.06802984;0.1095375;0.1905359;0.3490196;0.7607843;0.7960784
-0.06802984;0.1095375;0.1905359;0.3490196;0.7607843;0.7960784
-0.06969496;0.1046771;0.1919802;0.3490196;0.7607843;0.7960784
-0.06969496;0.1046771;0.1919802;0.3490196;0.7607843;0.7960784
-0.07581033;0.08713294;0.1972754;0.3490196;0.7607843;0.7960784
-0.07581033;0.08713294;0.1972754;0.3490196;0.7607843;0.7960784
-0.07728872;0.08299165;0.1986102;0.3490196;0.7607843;0.7960784
-0.07728872;0.08299165;0.1986102;0.3490196;0.7607843;0.7960784
-0.08015782;0.07525902;0.2008952;0.3490196;0.7607843;0.7960784
-0.08015782;0.07525902;0.2008952;0.3490196;0.7607843;0.7960784
-0.08415546;0.06393727;0.2041967;0.3490196;0.7607843;0.7960784
-0.08415546;0.06393727;0.2041967;0.3490196;0.7607843;0.7960784
-0.08589036;0.05843027;0.2056267;0.3490196;0.7607843;0.7960784
-0.08589036;0.05843027;0.2056267;0.3490196;0.7607843;0.7960784
-0.0876346;0.05329644;0.2066538;0.3490196;0.7607843;0.7960784
-0.0876346;0.05329644;0.2066538;0.3490196;0.7607843;0.7960784
-0.08896288;0.04904328;0.2073381;0.3490196;0.7607843;0.7960784
-0.08896288;0.04904328;0.2073381;0.3490196;0.7607843;0.7960784
-0.08938224;0.04721587;0.2074924;0.3490196;0.7607843;0.7960784
-0.08938224;0.04721587;0.2074924;0.3490196;0.7607843;0.7960784
-0.09032254;0.04301846;0.2069161;0.3490196;0.7607843;0.7960784
-0.09032254;0.04301846;0.2069161;0.3490196;0.7607843;0.7960784
-0.090335;0.04325245;0.2057092;0.3490196;0.7607843;0.7960784
-0.090335;0.04325245;0.2057092;0.3490196;0.7607843;0.7960784
-0.09040926;0.04545782;0.2050718;0.3490196;0.7607843;0.7960784
-0.092389;0.06437702;0.2247235;0.3490196;0.7607843;0.7960784
-0.09150817;0.06192858;0.2238462;0.3490196;0.7607843;0.7960784
-0.09150817;0.06192858;0.2238462;0.3490196;0.7607843;0.7960784
-0.09045052;0.05878774;0.2225477;0.3490196;0.7607843;0.7960784
-0.09045052;0.05878774;0.2225477;0.3490196;0.7607843;0.7960784
-0.09005681;0.05730002;0.2220699;0.3490196;0.7607843;0.7960784
-0.09005681;0.05730002;0.2220699;0.3490196;0.7607843;0.7960784
-0.08973435;0.05235773;0.2207381;0.3490196;0.7607843;0.7960784
-0.08973435;0.05235773;0.2207381;0.3490196;0.7607843;0.7960784
-0.09057514;0.04914023;0.2200319;0.3490196;0.7607843;0.7960784
-0.09057514;0.04914023;0.2200319;0.3490196;0.7607843;0.7960784
-0.09130417;0.04741366;0.2194127;0.3490196;0.7607843;0.7960784
-0.09130417;0.04741366;0.2194127;0.3490196;0.7607843;0.7960784
-0.09225389;0.0452331;0.2183661;0.3490196;0.7607843;0.7960784
-0.09225389;0.0452331;0.2183661;0.3490196;0.7607843;0.7960784
-0.09302784;0.0431965;0.2171702;0.3490196;0.7607843;0.7960784
-0.09302784;0.0431965;0.2171702;0.3490196;0.7607843;0.7960784
-0.09379644;0.0412212;0.2159386;0.3490196;0.7607843;0.7960784
-0.09379644;0.0412212;0.2159386;0.3490196;0.7607843;0.7960784
-0.09470092;0.03828407;0.2143165;0.3490196;0.7607843;0.7960784
-0.09470092;0.03828407;0.2143165;0.3490196;0.7607843;0.7960784
-0.09519281;0.03631584;0.213219;0.3490196;0.7607843;0.7960784
-0.09519281;0.03631584;0.213219;0.3490196;0.7607843;0.7960784
-0.09615768;0.03210646;0.2108817;0.3490196;0.7607843;0.7960784
-0.09615768;0.03210646;0.2108817;0.3490196;0.7607843;0.7960784
-0.09693073;0.02897634;0.2090869;0.3490196;0.7607843;0.7960784
-0.09693073;0.02897634;0.2090869;0.3490196;0.7607843;0.7960784
-0.09748728;0.02655406;0.2075735;0.3490196;0.7607843;0.7960784
-0.09748728;0.02655406;0.2075735;0.3490196;0.7607843;0.7960784
-0.0983137;0.02245956;0.2046796;0.3490196;0.7607843;0.7960784
-0.0983137;0.02245956;0.2046796;0.3490196;0.7607843;0.7960784
-0.09867737;0.01966475;0.2025192;0.3490196;0.7607843;0.7960784
-0.09867737;0.01966475;0.2025192;0.3490196;0.7607843;0.7960784
-0.09887078;0.01656165;0.2001483;0.3490196;0.7607843;0.7960784
-0.09887078;0.01656165;0.2001483;0.3490196;0.7607843;0.7960784
-0.09892493;0.01488108;0.1988981;0.3490196;0.7607843;0.7960784
-0.09892493;0.01488108;0.1988981;0.3490196;0.7607843;0.7960784
-0.09879389;0.007621787;0.1940677;0.3490196;0.7607843;0.7960784
-0.09879389;0.007621787;0.1940677;0.3490196;0.7607843;0.7960784
-0.09856346;0.004583878;0.1923875;0.3490196;0.7607843;0.7960784
-0.09856346;0.004583878;0.1923875;0.3490196;0.7607843;0.7960784
-0.09773595;-0.003867739;0.1881227;0.3490196;0.7607843;0.7960784
-0.09773595;-0.003867739;0.1881227;0.3490196;0.7607843;0.7960784
-0.09688745;-0.01051351;0.1851285;0.3490196;0.7607843;0.7960784
-0.09688745;-0.01051351;0.1851285;0.3490196;0.7607843;0.7960784
-0.09635493;-0.01398558;0.18353;0.3490196;0.7607843;0.7960784
-0.09635493;-0.01398558;0.18353;0.3490196;0.7607843;0.7960784
-0.09402427;-0.02759933;0.17733;0.3490196;0.7607843;0.7960784
-0.09402427;-0.02759933;0.17733;0.3490196;0.7607843;0.7960784
-0.09276193;-0.03405644;0.1744424;0.3490196;0.7607843;0.7960784
-0.09276193;-0.03405644;0.1744424;0.3490196;0.7607843;0.7960784
-0.09079324;-0.04302409;0.1701233;0.3490196;0.7607843;0.7960784
-0.09079324;-0.04302409;0.1701233;0.3490196;0.7607843;0.7960784
-0.08724122;-0.05733244;0.1628499;0.3490196;0.7607843;0.7960784
-0.08724122;-0.05733244;0.1628499;0.3490196;0.7607843;0.7960784
-0.08443867;-0.06770587;0.1574044;0.3490196;0.7607843;0.7960784
-0.08443867;-0.06770587;0.1574044;0.3490196;0.7607843;0.7960784
-0.08124978;-0.07881415;0.1514319;0.3490196;0.7607843;0.7960784
-0.08124978;-0.07881415;0.1514319;0.3490196;0.7607843;0.7960784
-0.07762586;-0.0909714;0.1450213;0.3490196;0.7607843;0.7960784
-0.07762586;-0.0909714;0.1450213;0.3490196;0.7607843;0.7960784
-0.07137221;-0.1108348;0.1345172;0.3490196;0.7607843;0.7960784
-0.07137221;-0.1108348;0.1345172;0.3490196;0.7607843;0.7960784
-0.06062157;-0.1414247;0.1174804;0.3490196;0.7607843;0.7960784
-0.06062157;-0.1414247;0.1174804;0.3490196;0.7607843;0.7960784
-0.05187561;-0.1642485;0.1042471;0.3490196;0.7607843;0.7960784
-0.05187561;-0.1642485;0.1042471;0.3490196;0.7607843;0.7960784
-0.04573169;-0.1799124;0.09514344;0.3490196;0.7607843;0.7960784
-0.04573169;-0.1799124;0.09514344;0.3490196;0.7607843;0.7960784
-0.0395006;-0.1957045;0.08604443;0.3490196;0.7607843;0.7960784
-0.0395006;-0.1957045;0.08604443;0.3490196;0.7607843;0.7960784
-0.03274014;-0.213701;0.07626736;0.3490196;0.7607843;0.7960784
-0.03274014;-0.213701;0.07626736;0.3490196;0.7607843;0.7960784
-0.02773126;-0.2275304;0.06881821;0.3490196;0.7607843;0.7960784
-0.02773126;-0.2275304;0.06881821;0.3490196;0.7607843;0.7960784
-0.02227759;-0.2431076;0.06060505;0.3490196;0.7607843;0.7960784
-0.02227759;-0.2431076;0.06060505;0.3490196;0.7607843;0.7960784
-0.01975878;-0.2506478;0.05673099;0.3490196;0.7607843;0.7960784
-0.01975878;-0.2506478;0.05673099;0.3490196;0.7607843;0.7960784
-0.01088966;-0.278548;0.04247403;0.3490196;0.7607843;0.7960784
-0.01088966;-0.278548;0.04247403;0.3490196;0.7607843;0.7960784
-0.007436067;-0.2906524;0.03644896;0.3490196;0.7607843;0.7960784
-0.007436067;-0.2906524;0.03644896;0.3490196;0.7607843;0.7960784
-0.004453816;-0.3018389;0.03105342;0.3490196;0.7607843;0.7960784
-0.004453816;-0.3018389;0.03105342;0.3490196;0.7607843;0.7960784
-0.002633169;-0.3088562;0.02782834;0.3490196;0.7607843;0.7960784
-0.002633169;-0.3088562;0.02782834;0.3490196;0.7607843;0.7960784
-0.001496449;-0.3143562;0.02565145;0.3490196;0.7607843;0.7960784
