0.1828191;0.2013945;-0.4441217;0.9607843;0.7647059;0.2980392
0.1803373;0.2021261;-0.4432163;0.9607843;0.7647059;0.2980392
0.1803373;0.2021261;-0.4432163;0.9607843;0.7647059;0.2980392
0.1793642;0.2021216;-0.4424605;0.9607843;0.7647059;0.2980392
0.1793642;0.2021216;-0.4424605;0.9607843;0.7647059;0.2980392
0.1769521;0.2026786;-0.4411802;0.9607843;0.7647059;0.2980392
0.1769521;0.2026786;-0.4411802;0.9607843;0.7647059;0.2980392
0.1756409;0.2031882;-0.4404856;0.9607843;0.7647059;0.2980392
0.1756409;0.2031882;-0.4404856;0.9607843;0.7647059;0.2980392
0.172984;0.2043147;-0.4387879;0.9607843;0.7647059;0.2980392
0.172984;0.2043147;-0.4387879;0.9607843;0.7647059;0.2980392
0.1714712;0.2051735;-0.4376705;0.9607843;0.7647059;0.2980392
0.1714712;0.2051735;-0.4376705;0.9607843;0.7647059;0.2980392
0.1674204;0.2079873;-0.4354105;0.9607843;0.7647059;0.2980392
0.1674204;0.2079873;-0.4354105;0.9607843;0.7647059;0.2980392
0.1662089;0.2089454;-0.4348615;0.9607843;0.7647059;0.2980392
0.1662089;0.2089454;-0.4348615;0.9607843;0.7647059;0.2980392
0.1542332;0.2189063;-0.4289118;0.9607843;0.7647059;0.2980392
0.1542332;0.2189063;-0.4289118;0.9607843;0.7647059;0.2980392
0.1519352;0.2205535;-0.4275836;0.9607843;0.7647059;0.2980392
0.1519352;0.2205535;-0.4275836;0.9607843;0.7647059;0.2980392
0.1474691;0.2246887;-0.4252806;0.9607843;0.7647059;0.2980392
0.1474691;0.2246887;-0.4252806;0.9607843;0.7647059;0.2980392
0.1445127;0.2275719;-0.4236308;0.9607843;0.7647059;0.2980392
0.1445127;0.2275719;-0.4236308;0.9607843;0.7647059;0.2980392
0.1378073;0.2341791;-0.4204694;0.9607843;0.7647059;0.2980392
0.1378073;0.2341791;-0.4204694;0.9607843;0.7647059;0.2980392
0.1365555;0.2354092;-0.419914;0.9607843;0.7647059;0.2980392
0.1365555;0.2354092;-0.419914;0.9607843;0.7647059;0.2980392
0.1306341;0.2410415;-0.4170591;0.9607843;0.7647059;0.2980392
0.1306341;0.2410415;-0.4170591;0.9607843;0.7647059;0.2980392
0.1278961;0.2435422;-0.4158062;0.9607843;0.7647059;0.2980392
0.1278961;0.2435422;-0.4158062;0.9607843;0.7647059;0.2980392
0.1215682;0.2492632;-0.4131358;0.9607843;0.7647059;0.2980392
0.1215682;0.2492632;-0.4131358;0.9607843;0.7647059;0.2980392
0.1187866;0.2517762;-0.4120104;0.9607843;0.7647059;0.2980392
0.1187866;0.2517762;-0.4120104;0.9607843;0.7647059;0.2980392
0.1132799;0.2565768;-0.40968;0.9607843;0.7647059;0.2980392
0.1132799;0.2565768;-0.40968;0.9607843;0.7647059;0.2980392
0.1096407;0.2597033;-0.4083054;0.9607843;0.7647059;0.2980392
0.1096407;0.2597033;-0.4083054;0.9607843;0.7647059;0.2980392
0.101786;0.2657877;-0.4050399;0.9607843;0.7647059;0.2980392
0.101786;0.2657877;-0.4050399;0.9607843;0.7647059;0.2980392
0.09975481;0.2673782;-0.4043803;0.9607843;0.7647059;0.2980392
0.09975481;0.2673782;-0.4043803;0.9607843;0.7647059;0.2980392
0.09394802;0.2734371;-0.4052006;0.9607843;0.7647059;0.2980392
0.09394802;0.2734371;-0.4052006;0.9607843;0.7647059;0.2980392
0.0905472;0.2757716;-0.4044199;0.9607843;0.7647059;0.2980392
0.0905472;0.2757716;-0.4044199;0.9607843;0.7647059;0.2980392
0.08487472;0.2792777;-0.4023679;0.9607843;0.7647059;0.2980392
0.08487472;0.2792777;-0.4023679;0.9607843;0.7647059;0.2980392
0.0810694;0.2812654;-0.401208;0.9607843;0.7647059;0.2980392
0.0810694;0.2812654;-0.401208;0.9607843;0.7647059;0.2980392
0.07346541;0.2844962;-0.3990359;0.9607843;0.7647059;0.2980392
0.07346541;0.2844962;-0.3990359;0.9607843;0.7647059;0.2980392
0.07156133;0.2850982;-0.3984339;0.9607843;0.7647059;0.2980392
0.07156133;0.2850982;-0.3984339;0.9607843;0.7647059;0.2980392
0.06422198;0.2863725;-0.3950782;0.9607843;0.7647059;0.2980392
0.06422198;0.2863725;-0.3950782;0.9607843;0.7647059;0.2980392
0.06236684;0.2866513;-0.3945363;0.9607843;0.7647059;0.2980392
0.06236684;0.2866513;-0.3945363;0.9607843;0.7647059;0.2980392
0.05634879;0.2872123;-0.3927001;0.9607843;0.7647059;0.2980392
0.05634879;0.2872123;-0.3927001;0.9607843;0.7647059;0.2980392
0.05363172;0.287295;-0.3920298;0.9607843;0.7647059;0.2980392
0.05363172;0.287295;-0.3920298;0.9607843;0.7647059;0.2980392
0.04797767;0.2868323;-0.3901279;0.9607843;0.7647059;0.2980392
0.04797767;0.2868323;-0.3901279;0.9607843;0.7647059;0.2980392
0.04510725;0.2863339;-0.3893341;0.9607843;0.7647059;0.2980392
0.04510725;0.2863339;-0.3893341;0.9607843;0.7647059;0.2980392
0.03947194;0.2844521;-0.3879457;0.9607843;0.7647059;0.2980392
0.03947194;0.2844521;-0.3879457;0.9607843;0.7647059;0.2980392
0.03829112;0.2838596;-0.3877522;0.9607843;0.7647059;0.2980392
0.03829112;0.2838596;-0.3877522;0.9607843;0.7647059;0.2980392
0.0346043;0.280544;-0.3859046;0.9607843;0.7647059;0.2980392
0.0346043;0.280544;-0.3859046;0.9607843;0.7647059;0.2980392
0.03389118;0.27968;-0.3859128;0.9607843;0.7647059;0.2980392
0.03389118;0.27968;-0.3859128;0.9607843;0.7647059;0.2980392
0.03224287;0.275649;-0.3848261;0.9607843;0.7647059;0.2980392
0.03224287;0.275649;-0.3848261;0.9607843;0.7647059;0.2980392
0.03188584;0.2740037;-0.3850471;0.9607843;0.7647059;0.2980392
0.03188584;0.2740037;-0.3850471;0.9607843;0.7647059;0.2980392
0.03192637;0.270047;-0.385012;0.9607843;0.7647059;0.2980392
0.03192637;0.270047;-0.385012;0.9607843;0.7647059;0.2980392
0.03240472;0.2674351;-0.3856014;0.9607843;0.7647059;0.2980392
0.03240472;0.2674351;-0.3856014;0.9607843;0.7647059;0.2980392
0.03357832;0.263471;-0.3860469;0.9607843;0.7647059;0.2980392
0.03357832;0.263471;-0.3860469;0.9607843;0.7647059;0.2980392
0.03446985;0.2613346;-0.3864326;0.9607843;0.7647059;0.2980392
0.03446985;0.2613346;-0.3864326;0.9607843;0.7647059;0.2980392
0.03771717;0.254939;-0.3875122;0.9607843;0.7647059;0.2980392
0.03771717;0.254939;-0.3875122;0.9607843;0.7647059;0.2980392
0.03839045;0.2538515;-0.3878806;0.9607843;0.7647059;0.2980392
0.03839045;0.2538515;-0.3878806;0.9607843;0.7647059;0.2980392
0.04284723;0.247149;-0.3886789;0.9607843;0.7647059;0.2980392
0.04284723;0.247149;-0.3886789;0.9607843;0.7647059;0.2980392
0.04374804;0.2460499;-0.3890734;0.9607843;0.7647059;0.2980392
0.04374804;0.2460499;-0.3890734;0.9607843;0.7647059;0.2980392
0.04844956;0.2403498;-0.3906382;0.9607843;0.7647059;0.2980392
0.04844956;0.2403498;-0.3906382;0.9607843;0.7647059;0.2980392
0.0499832;0.2385982;-0.391297;0.9607843;0.7647059;0.2980392
0.0499832;0.2385982;-0.391297;0.9607843;0.7647059;0.2980392
0.05619844;0.2315684;-0.3933212;0.9607843;0.7647059;0.2980392
0.05619844;0.2315684;-0.3933212;0.9607843;0.7647059;0.2980392
0.06220887;0.2254043;-0.3952339;0.9607843;0.7647059;0.2980392
0.06220887;0.2254043;-0.3952339;0.9607843;0.7647059;0.2980392
0.06748822;0.2205507;-0.3969579;0.9607843;0.7647059;0.2980392
0.06748822;0.2205507;-0.3969579;0.9607843;0.7647059;0.2980392
0.07249038;0.2167252;-0.3989613;0.9607843;0.7647059;0.2980392
0.07249038;0.2167252;-0.3989613;0.9607843;0.7647059;0.2980392
0.07933224;0.2121379;-0.4013133;0.9607843;0.7647059;0.2980392
0.07933224;0.2121379;-0.4013133;0.9607843;0.7647059;0.2980392
0.08263214;0.2101797;-0.4028153;0.9607843;0.7647059;0.2980392
0.08263214;0.2101797;-0.4028153;0.9607843;0.7647059;0.2980392
0.0846445;0.2088166;-0.4036086;0.9607843;0.7647059;0.2980392
0.0846445;0.2088166;-0.4036086;0.9607843;0.7647059;0.2980392
0.08568801;0.2078236;-0.4035721;0.9607843;0.7647059;0.2980392
0.08568801;0.2078236;-0.4035721;0.9607843;0.7647059;0.2980392
0.08461598;0.207738;-0.4033979;0.9607843;0.7647059;0.2980392
0.08461598;0.207738;-0.4033979;0.9607843;0.7647059;0.2980392
0.08284923;0.2080495;-0.4030718;0.9607843;0.7647059;0.2980392
0.08284923;0.2080495;-0.4030718;0.9607843;0.7647059;0.2980392
0.08158486;0.2082483;-0.4028044;0.9607843;0.7647059;0.2980392
0.08158486;0.2082483;-0.4028044;0.9607843;0.7647059;0.2980392
0.07780881;0.2087599;-0.4019052;0.9607843;0.7647059;0.2980392
0.07780881;0.2087599;-0.4019052;0.9607843;0.7647059;0.2980392
0.07670595;0.2088947;-0.4016455;0.9607843;0.7647059;0.2980392
0.07670595;0.2088947;-0.4016455;0.9607843;0.7647059;0.2980392
0.07233692;0.2093778;-0.4005147;0.9607843;0.7647059;0.2980392
0.07233692;0.2093778;-0.4005147;0.9607843;0.7647059;0.2980392
0.07020664;0.2095808;-0.4000087;0.9607843;0.7647059;0.2980392
0.07020664;0.2095808;-0.4000087;0.9607843;0.7647059;0.2980392
0.06508485;0.2100526;-0.398747;0.9607843;0.7647059;0.2980392
0.06508485;0.2100526;-0.398747;0.9607843;0.7647059;0.2980392
0.06203295;0.2103331;-0.3980852;0.9607843;0.7647059;0.2980392
0.06203295;0.2103331;-0.3980852;0.9607843;0.7647059;0.2980392
0.05404651;0.2109924;-0.396325;0.9607843;0.7647059;0.2980392
0.05404651;0.2109924;-0.396325;0.9607843;0.7647059;0.2980392
0.05187557;0.21114;-0.3958811;0.9607843;0.7647059;0.2980392
0.05187557;0.21114;-0.3958811;0.9607843;0.7647059;0.2980392
0.0425245;0.2117402;-0.3939188;0.9607843;0.7647059;0.2980392
0.0425245;0.2117402;-0.3939188;0.9607843;0.7647059;0.2980392
0.04072858;0.2118518;-0.393576;0.9607843;0.7647059;0.2980392
0.04072858;0.2118518;-0.393576;0.9607843;0.7647059;0.2980392
0.03174639;0.2125079;-0.3918793;0.9607843;0.7647059;0.2980392
0.03174639;0.2125079;-0.3918793;0.9607843;0.7647059;0.2980392
0.02853096;0.2127517;-0.3913329;0.9607843;0.7647059;0.2980392
0.02853096;0.2127517;-0.3913329;0.9607843;0.7647059;0.2980392
0.01994586;0.2134402;-0.3897896;0.9607843;0.7647059;0.2980392
0.01994586;0.2134402;-0.3897896;0.9607843;0.7647059;0.2980392
0.01453007;0.2138446;-0.388904;0.9607843;0.7647059;0.2980392
0.01453007;0.2138446;-0.388904;0.9607843;0.7647059;0.2980392
0.003585421;0.2145139;-0.3868185;0.9607843;0.7647059;0.2980392
0.003585421;0.2145139;-0.3868185;0.9607843;0.7647059;0.2980392
0.001441847;0.2146668;-0.3865048;0.9607843;0.7647059;0.2980392
0.001441847;0.2146668;-0.3865048;0.9607843;0.7647059;0.2980392
-0.01061225;0.2154312;-0.3844502;0.9607843;0.7647059;0.2980392
-0.01061225;0.2154312;-0.3844502;0.9607843;0.7647059;0.2980392
-0.0135602;0.2156476;-0.3840538;0.9607843;0.7647059;0.2980392
-0.0135602;0.2156476;-0.3840538;0.9607843;0.7647059;0.2980392
-0.02312844;0.2162614;-0.3826562;0.9607843;0.7647059;0.2980392
-0.02312844;0.2162614;-0.3826562;0.9607843;0.7647059;0.2980392
-0.02836741;0.2165721;-0.3819262;0.9607843;0.7647059;0.2980392
-0.02836741;0.2165721;-0.3819262;0.9607843;0.7647059;0.2980392
-0.04345986;0.2176222;-0.3802687;0.9607843;0.7647059;0.2980392
-0.04345986;0.2176222;-0.3802687;0.9607843;0.7647059;0.2980392
-0.05540624;0.2183537;-0.3792014;0.9607843;0.7647059;0.2980392
-0.05540624;0.2183537;-0.3792014;0.9607843;0.7647059;0.2980392
-0.05839784;0.2184871;-0.3789843;0.9607843;0.7647059;0.2980392
-0.05839784;0.2184871;-0.3789843;0.9607843;0.7647059;0.2980392
-0.06754281;0.2203679;-0.3809981;0.9607843;0.7647059;0.2980392
-0.06754281;0.2203679;-0.3809981;0.9607843;0.7647059;0.2980392
-0.0717828;0.2204932;-0.3809569;0.9607843;0.7647059;0.2980392
-0.0717828;0.2204932;-0.3809569;0.9607843;0.7647059;0.2980392
-0.08102271;0.2206414;-0.3811082;0.9607843;0.7647059;0.2980392
-0.08102271;0.2206414;-0.3811082;0.9607843;0.7647059;0.2980392
-0.08508652;0.2205688;-0.3811142;0.9607843;0.7647059;0.2980392
-0.08508652;0.2205688;-0.3811142;0.9607843;0.7647059;0.2980392
-0.09817717;0.2201013;-0.3815584;0.9607843;0.7647059;0.2980392
-0.09817717;0.2201013;-0.3815584;0.9607843;0.7647059;0.2980392
-0.1084452;0.2188949;-0.3816143;0.9607843;0.7647059;0.2980392
-0.1084452;0.2188949;-0.3816143;0.9607843;0.7647059;0.2980392
-0.1110352;0.2185974;-0.3818067;0.9607843;0.7647059;0.2980392
-0.1110352;0.2185974;-0.3818067;0.9607843;0.7647059;0.2980392
-0.1190696;0.217011;-0.3817183;0.9607843;0.7647059;0.2980392
-0.1190696;0.217011;-0.3817183;0.9607843;0.7647059;0.2980392
-0.123303;0.2161515;-0.3820161;0.9607843;0.7647059;0.2980392
-0.123303;0.2161515;-0.3820161;0.9607843;0.7647059;0.2980392
-0.1311679;0.2140414;-0.3823423;0.9607843;0.7647059;0.2980392
-0.1311679;0.2140414;-0.3823423;0.9607843;0.7647059;0.2980392
-0.1343036;0.2131034;-0.3826884;0.9607843;0.7647059;0.2980392
-0.1343036;0.2131034;-0.3826884;0.9607843;0.7647059;0.2980392
-0.1419488;0.2098408;-0.3831172;0.9607843;0.7647059;0.2980392
-0.1419488;0.2098408;-0.3831172;0.9607843;0.7647059;0.2980392
-0.1434633;0.2089517;-0.3830836;0.9607843;0.7647059;0.2980392
-0.1434633;0.2089517;-0.3830836;0.9607843;0.7647059;0.2980392
-0.151618;0.2015672;-0.3838487;0.9607843;0.7647059;0.2980392
-0.151618;0.2015672;-0.3838487;0.9607843;0.7647059;0.2980392
-0.1527098;0.1998116;-0.3847125;0.9607843;0.7647059;0.2980392
-0.1527098;0.1998116;-0.3847125;0.9607843;0.7647059;0.2980392
-0.153619;0.1969576;-0.3851928;0.9607843;0.7647059;0.2980392
-0.153619;0.1969576;-0.3851928;0.9607843;0.7647059;0.2980392
-0.1538949;0.1947223;-0.3853177;0.9607843;0.7647059;0.2980392
-0.1538949;0.1947223;-0.3853177;0.9607843;0.7647059;0.2980392
-0.1531743;0.189239;-0.3860765;0.9607843;0.7647059;0.2980392
-0.1531743;0.189239;-0.3860765;0.9607843;0.7647059;0.2980392
-0.1514457;0.1848185;-0.3866272;0.9607843;0.7647059;0.2980392
-0.1514457;0.1848185;-0.3866272;0.9607843;0.7647059;0.2980392
-0.1508911;0.1837709;-0.3868514;0.9607843;0.7647059;0.2980392
-0.1508911;0.1837709;-0.3868514;0.9607843;0.7647059;0.2980392
-0.1479599;0.1790982;-0.386826;0.9607843;0.7647059;0.2980392
-0.1479599;0.1790982;-0.386826;0.9607843;0.7647059;0.2980392
-0.1470399;0.1780223;-0.3869911;0.9607843;0.7647059;0.2980392
-0.1470399;0.1780223;-0.3869911;0.9607843;0.7647059;0.2980392
-0.1437914;0.1746161;-0.3870226;0.9607843;0.7647059;0.2980392
-0.1437914;0.1746161;-0.3870226;0.9607843;0.7647059;0.2980392
-0.1412458;0.1724647;-0.3872824;0.9607843;0.7647059;0.2980392
-0.1412458;0.1724647;-0.3872824;0.9607843;0.7647059;0.2980392
-0.1372887;0.1695697;-0.3873655;0.9607843;0.7647059;0.2980392
-0.1372887;0.1695697;-0.3873655;0.9607843;0.7647059;0.2980392
-0.1353367;0.1683134;-0.3874936;0.9607843;0.7647059;0.2980392
-0.1353367;0.1683134;-0.3874936;0.9607843;0.7647059;0.2980392
-0.1336835;0.1671833;-0.3872265;0.9607843;0.7647059;0.2980392
-0.1336835;0.1671833;-0.3872265;0.9607843;0.7647059;0.2980392
-0.1267404;0.1635211;-0.387588;0.9607843;0.7647059;0.2980392
-0.1267404;0.1635211;-0.387588;0.9607843;0.7647059;0.2980392
-0.1248677;0.1626817;-0.3877186;0.9607843;0.7647059;0.2980392
-0.1248677;0.1626817;-0.3877186;0.9607843;0.7647059;0.2980392
-0.1186384;0.1599824;-0.3874236;0.9607843;0.7647059;0.2980392
-0.1186384;0.1599824;-0.3874236;0.9607843;0.7647059;0.2980392
-0.1171584;0.1595277;-0.3875548;0.9607843;0.7647059;0.2980392
-0.1171584;0.1595277;-0.3875548;0.9607843;0.7647059;0.2980392
-0.1088637;0.1574915;-0.3882746;0.9607843;0.7647059;0.2980392
-0.1088637;0.1574915;-0.3882746;0.9607843;0.7647059;0.2980392
-0.1068786;0.1571667;-0.3885089;0.9607843;0.7647059;0.2980392
-0.1068786;0.1571667;-0.3885089;0.9607843;0.7647059;0.2980392
-0.09814617;0.1581186;-0.3926563;0.9607843;0.7647059;0.2980392
-0.09814617;0.1581186;-0.3926563;0.9607843;0.7647059;0.2980392
-0.08892363;0.1581445;-0.3940636;0.9607843;0.7647059;0.2980392
-0.08892363;0.1581445;-0.3940636;0.9607843;0.7647059;0.2980392
-0.07980436;0.1584598;-0.3952086;0.9607843;0.7647059;0.2980392
-0.07980436;0.1584598;-0.3952086;0.9607843;0.7647059;0.2980392
-0.07196264;0.159373;-0.3965969;0.9607843;0.7647059;0.2980392
-0.07196264;0.159373;-0.3965969;0.9607843;0.7647059;0.2980392
-0.06538235;0.1602378;-0.3977553;0.9607843;0.7647059;0.2980392
-0.06538235;0.1602378;-0.3977553;0.9607843;0.7647059;0.2980392
-0.06293293;0.1603894;-0.3981237;0.9607843;0.7647059;0.2980392
-0.06293293;0.1603894;-0.3981237;0.9607843;0.7647059;0.2980392
-0.05501517;0.1611931;-0.3997483;0.9607843;0.7647059;0.2980392
-0.05501517;0.1611931;-0.3997483;0.9607843;0.7647059;0.2980392
-0.04874898;0.1616678;-0.4009433;0.9607843;0.7647059;0.2980392
-0.04874898;0.1616678;-0.4009433;0.9607843;0.7647059;0.2980392
-0.04435685;0.1622255;-0.402115;0.9607843;0.7647059;0.2980392
-0.04435685;0.1622255;-0.402115;0.9607843;0.7647059;0.2980392
-0.04323842;0.1624119;-0.4024543;0.9607843;0.7647059;0.2980392
-0.04323842;0.1624119;-0.4024543;0.9607843;0.7647059;0.2980392
-0.04133557;0.1631041;-0.4034545;0.9607843;0.7647059;0.2980392
-0.04133557;0.1631041;-0.4034545;0.9607843;0.7647059;0.2980392
-0.04433146;0.1633146;-0.4033041;0.9607843;0.7647059;0.2980392
-0.04433146;0.1633146;-0.4033041;0.9607843;0.7647059;0.2980392
-0.04895638;0.1629173;-0.4028019;0.9607843;0.7647059;0.2980392
-0.04895638;0.1629173;-0.4028019;0.9607843;0.7647059;0.2980392
-0.05098362;0.162701;-0.4025434;0.9607843;0.7647059;0.2980392
-0.05098362;0.162701;-0.4025434;0.9607843;0.7647059;0.2980392
-0.05885168;0.1618725;-0.4017208;0.9607843;0.7647059;0.2980392
-0.05885168;0.1618725;-0.4017208;0.9607843;0.7647059;0.2980392
-0.06643648;0.1609946;-0.4008139;0.9607843;0.7647059;0.2980392
-0.06643648;0.1609946;-0.4008139;0.9607843;0.7647059;0.2980392
-0.06849954;0.1607486;-0.4006329;0.9607843;0.7647059;0.2980392
-0.06849954;0.1607486;-0.4006329;0.9607843;0.7647059;0.2980392
-0.07732881;0.1597829;-0.39985;0.9607843;0.7647059;0.2980392
-0.07732881;0.1597829;-0.39985;0.9607843;0.7647059;0.2980392
-0.09386561;0.1582585;-0.3984416;0.9607843;0.7647059;0.2980392
-0.09386561;0.1582585;-0.3984416;0.9607843;0.7647059;0.2980392
-0.1067412;0.1572951;-0.3975819;0.9607843;0.7647059;0.2980392
-0.1067412;0.1572951;-0.3975819;0.9607843;0.7647059;0.2980392
-0.1163076;0.1567443;-0.3970261;0.9607843;0.7647059;0.2980392
-0.1163076;0.1567443;-0.3970261;0.9607843;0.7647059;0.2980392
-0.1190779;0.1566059;-0.3969035;0.9607843;0.7647059;0.2980392
-0.1190779;0.1566059;-0.3969035;0.9607843;0.7647059;0.2980392
-0.1297221;0.1582241;-0.3993152;0.9607843;0.7647059;0.2980392
-0.1297221;0.1582241;-0.3993152;0.9607843;0.7647059;0.2980392
-0.1317074;0.1581778;-0.3993114;0.9607843;0.7647059;0.2980392
-0.1317074;0.1581778;-0.3993114;0.9607843;0.7647059;0.2980392
-0.1404279;0.1583503;-0.3997685;0.9607843;0.7647059;0.2980392
-0.1404279;0.1583503;-0.3997685;0.9607843;0.7647059;0.2980392
-0.1441069;0.1583055;-0.3998568;0.9607843;0.7647059;0.2980392
-0.1441069;0.1583055;-0.3998568;0.9607843;0.7647059;0.2980392
-0.1557453;0.1580872;-0.4004278;0.9607843;0.7647059;0.2980392
-0.1557453;0.1580872;-0.4004278;0.9607843;0.7647059;0.2980392
-0.1633836;0.1575343;-0.4008625;0.9607843;0.7647059;0.2980392
-0.1633836;0.1575343;-0.4008625;0.9607843;0.7647059;0.2980392
-0.1651457;0.1573607;-0.4010068;0.9607843;0.7647059;0.2980392
-0.1651457;0.1573607;-0.4010068;0.9607843;0.7647059;0.2980392
-0.1715799;0.1564805;-0.4017502;0.9607843;0.7647059;0.2980392
-0.1715799;0.1564805;-0.4017502;0.9607843;0.7647059;0.2980392
-0.1730721;0.1562273;-0.4019322;0.9607843;0.7647059;0.2980392
-0.1730721;0.1562273;-0.4019322;0.9607843;0.7647059;0.2980392
-0.1776482;0.1549803;-0.4024042;0.9607843;0.7647059;0.2980392
-0.1776482;0.1549803;-0.4024042;0.9607843;0.7647059;0.2980392
-0.1794049;0.1541922;-0.4024762;0.9607843;0.7647059;0.2980392
-0.1794049;0.1541922;-0.4024762;0.9607843;0.7647059;0.2980392
-0.1842799;0.1514327;-0.4028871;0.9607843;0.7647059;0.2980392
-0.1842799;0.1514327;-0.4028871;0.9607843;0.7647059;0.2980392
-0.1870993;0.1487481;-0.4031296;0.9607843;0.7647059;0.2980392
-0.1870993;0.1487481;-0.4031296;0.9607843;0.7647059;0.2980392
-0.1897613;0.144817;-0.4030424;0.9607843;0.7647059;0.2980392
-0.1897613;0.144817;-0.4030424;0.9607843;0.7647059;0.2980392
-0.1913843;0.1410777;-0.4032408;0.9607843;0.7647059;0.2980392
-0.1913843;0.1410777;-0.4032408;0.9607843;0.7647059;0.2980392
-0.1918834;0.1394053;-0.4033928;0.9607843;0.7647059;0.2980392
-0.1918834;0.1394053;-0.4033928;0.9607843;0.7647059;0.2980392
-0.1931814;0.1336862;-0.4033632;0.9607843;0.7647059;0.2980392
-0.1931814;0.1336862;-0.4033632;0.9607843;0.7647059;0.2980392
-0.194098;0.1287704;-0.4031168;0.9607843;0.7647059;0.2980392
-0.194098;0.1287704;-0.4031168;0.9607843;0.7647059;0.2980392
-0.1947743;0.1224051;-0.4023693;0.9607843;0.7647059;0.2980392
-0.1947743;0.1224051;-0.4023693;0.9607843;0.7647059;0.2980392
-0.1948175;0.1208258;-0.4024894;0.9607843;0.7647059;0.2980392
-0.1948175;0.1208258;-0.4024894;0.9607843;0.7647059;0.2980392
-0.1946082;0.1169561;-0.4025528;0.9607843;0.7647059;0.2980392
-0.1946082;0.1169561;-0.4025528;0.9607843;0.7647059;0.2980392
-0.194144;0.1144121;-0.4027336;0.9607843;0.7647059;0.2980392
-0.194144;0.1144121;-0.4027336;0.9607843;0.7647059;0.2980392
-0.1922358;0.1095303;-0.4029577;0.9607843;0.7647059;0.2980392
-0.1922358;0.1095303;-0.4029577;0.9607843;0.7647059;0.2980392
-0.1879802;0.1043607;-0.403628;0.9607843;0.7647059;0.2980392
-0.1879802;0.1043607;-0.403628;0.9607843;0.7647059;0.2980392
-0.1869531;0.1034213;-0.4037967;0.9607843;0.7647059;0.2980392
-0.1869531;0.1034213;-0.4037967;0.9607843;0.7647059;0.2980392
-0.1828539;0.1001363;-0.4041119;0.9607843;0.7647059;0.2980392
-0.1828539;0.1001363;-0.4041119;0.9607843;0.7647059;0.2980392
-0.1809433;0.09885889;-0.4043061;0.9607843;0.7647059;0.2980392
-0.1809433;0.09885889;-0.4043061;0.9607843;0.7647059;0.2980392
-0.1768793;0.09647305;-0.4044868;0.9607843;0.7647059;0.2980392
-0.1768793;0.09647305;-0.4044868;0.9607843;0.7647059;0.2980392
-0.1740624;0.09507068;-0.4046361;0.9607843;0.7647059;0.2980392
-0.1740624;0.09507068;-0.4046361;0.9607843;0.7647059;0.2980392
-0.1683029;0.09282028;-0.4047527;0.9607843;0.7647059;0.2980392
-0.1683029;0.09282028;-0.4047527;0.9607843;0.7647059;0.2980392
-0.1668076;0.09240253;-0.4047918;0.9607843;0.7647059;0.2980392
-0.1668076;0.09240253;-0.4047918;0.9607843;0.7647059;0.2980392
-0.1606108;0.09130736;-0.4049906;0.9607843;0.7647059;0.2980392
-0.1606108;0.09130736;-0.4049906;0.9607843;0.7647059;0.2980392
-0.1589767;0.09117874;-0.4050442;0.9607843;0.7647059;0.2980392
-0.1589767;0.09117874;-0.4050442;0.9607843;0.7647059;0.2980392
-0.1542822;0.09287188;-0.4077007;0.9607843;0.7647059;0.2980392
-0.1542822;0.09287188;-0.4077007;0.9607843;0.7647059;0.2980392
-0.1513893;0.0930787;-0.4078759;0.9607843;0.7647059;0.2980392
-0.1513893;0.0930787;-0.4078759;0.9607843;0.7647059;0.2980392
-0.1465954;0.09397925;-0.4086223;0.9607843;0.7647059;0.2980392
-0.1465954;0.09397925;-0.4086223;0.9607843;0.7647059;0.2980392
-0.1431482;0.09452552;-0.4088284;0.9607843;0.7647059;0.2980392
-0.1431482;0.09452552;-0.4088284;0.9607843;0.7647059;0.2980392
-0.1323551;0.0961111;-0.4091289;0.9607843;0.7647059;0.2980392
-0.1323551;0.0961111;-0.4091289;0.9607843;0.7647059;0.2980392
-0.1279491;0.09696221;-0.4094442;0.9607843;0.7647059;0.2980392
-0.1279491;0.09696221;-0.4094442;0.9607843;0.7647059;0.2980392
-0.1263075;0.09724008;-0.4095498;0.9607843;0.7647059;0.2980392
-0.1263075;0.09724008;-0.4095498;0.9607843;0.7647059;0.2980392
-0.1215402;0.09754305;-0.4095025;0.9607843;0.7647059;0.2980392
-0.1215402;0.09754305;-0.4095025;0.9607843;0.7647059;0.2980392
-0.1200315;0.09775307;-0.40962;0.9607843;0.7647059;0.2980392
-0.1200315;0.09775307;-0.40962;0.9607843;0.7647059;0.2980392
-0.1145382;0.09811901;-0.4097519;0.9607843;0.7647059;0.2980392
-0.1145382;0.09811901;-0.4097519;0.9607843;0.7647059;0.2980392
-0.112827;0.0981812;-0.4098326;0.9607843;0.7647059;0.2980392
-0.112827;0.0981812;-0.4098326;0.9607843;0.7647059;0.2980392
-0.106427;0.09823143;-0.4102441;0.9607843;0.7647059;0.2980392
-0.106427;0.09823143;-0.4102441;0.9607843;0.7647059;0.2980392
-0.1006825;0.09771276;-0.4104266;0.9607843;0.7647059;0.2980392
-0.1006825;0.09771276;-0.4104266;0.9607843;0.7647059;0.2980392
-0.09594733;0.09702639;-0.4105283;0.9607843;0.7647059;0.2980392
-0.09594733;0.09702639;-0.4105283;0.9607843;0.7647059;0.2980392
-0.09203474;0.09637288;-0.4108962;0.9607843;0.7647059;0.2980392
-0.09203474;0.09637288;-0.4108962;0.9607843;0.7647059;0.2980392
-0.08831582;0.09525751;-0.4113868;0.9607843;0.7647059;0.2980392
-0.08831582;0.09525751;-0.4113868;0.9607843;0.7647059;0.2980392
-0.08610536;0.09682569;-0.4145745;0.9607843;0.7647059;0.2980392
-0.08610536;0.09682569;-0.4145745;0.9607843;0.7647059;0.2980392
-0.08690588;0.09625723;-0.4151597;0.9607843;0.7647059;0.2980392
-0.08690588;0.09625723;-0.4151597;0.9607843;0.7647059;0.2980392
-0.08908182;0.09617958;-0.4162019;0.9607843;0.7647059;0.2980392
-0.08908182;0.09617958;-0.4162019;0.9607843;0.7647059;0.2980392
-0.09018796;0.09607241;-0.4163843;0.9607843;0.7647059;0.2980392
-0.09018796;0.09607241;-0.4163843;0.9607843;0.7647059;0.2980392
-0.09702951;0.0956815;-0.41688;0.9607843;0.7647059;0.2980392
-0.09702951;0.0956815;-0.41688;0.9607843;0.7647059;0.2980392
-0.1046223;0.09533183;-0.4167358;0.9607843;0.7647059;0.2980392
-0.1046223;0.09533183;-0.4167358;0.9607843;0.7647059;0.2980392
-0.1072517;0.09527833;-0.4167964;0.9607843;0.7647059;0.2980392
-0.1072517;0.09527833;-0.4167964;0.9607843;0.7647059;0.2980392
-0.1155954;0.09534102;-0.4170871;0.9607843;0.7647059;0.2980392
-0.1155954;0.09534102;-0.4170871;0.9607843;0.7647059;0.2980392
-0.1180531;0.09529747;-0.4171041;0.9607843;0.7647059;0.2980392
-0.1180531;0.09529747;-0.4171041;0.9607843;0.7647059;0.2980392
-0.1268276;0.09513882;-0.4169981;0.9607843;0.7647059;0.2980392
-0.1268276;0.09513882;-0.4169981;0.9607843;0.7647059;0.2980392
-0.1307219;0.0949505;-0.4167602;0.9607843;0.7647059;0.2980392
-0.1307219;0.0949505;-0.4167602;0.9607843;0.7647059;0.2980392
-0.143989;0.0949339;-0.4164991;0.9607843;0.7647059;0.2980392
-0.143989;0.0949339;-0.4164991;0.9607843;0.7647059;0.2980392
-0.1594971;0.09485941;-0.4161353;0.9607843;0.7647059;0.2980392
-0.1594971;0.09485941;-0.4161353;0.9607843;0.7647059;0.2980392
-0.1689018;0.09454558;-0.4158467;0.9607843;0.7647059;0.2980392
-0.1689018;0.09454558;-0.4158467;0.9607843;0.7647059;0.2980392
-0.1710035;0.09453372;-0.4158838;0.9607843;0.7647059;0.2980392
-0.1710035;0.09453372;-0.4158838;0.9607843;0.7647059;0.2980392
-0.1802933;0.09411788;-0.4158479;0.9607843;0.7647059;0.2980392
-0.1802933;0.09411788;-0.4158479;0.9607843;0.7647059;0.2980392
-0.1842824;0.09394123;-0.415954;0.9607843;0.7647059;0.2980392
-0.1842824;0.09394123;-0.415954;0.9607843;0.7647059;0.2980392
-0.1966504;0.09267378;-0.4157863;0.9607843;0.7647059;0.2980392
-0.1966504;0.09267378;-0.4157863;0.9607843;0.7647059;0.2980392
-0.2062134;0.09177018;-0.4163412;0.9607843;0.7647059;0.2980392
-0.2062134;0.09177018;-0.4163412;0.9607843;0.7647059;0.2980392
-0.2078236;0.09163702;-0.416505;0.9607843;0.7647059;0.2980392
-0.2078236;0.09163702;-0.416505;0.9607843;0.7647059;0.2980392
-0.2149477;0.09250893;-0.4197508;0.9607843;0.7647059;0.2980392
-0.2149477;0.09250893;-0.4197508;0.9607843;0.7647059;0.2980392
-0.2168192;0.09220928;-0.4200498;0.9607843;0.7647059;0.2980392
-0.2168192;0.09220928;-0.4200498;0.9607843;0.7647059;0.2980392
-0.2222531;0.09086175;-0.4208713;0.9607843;0.7647059;0.2980392
-0.2222531;0.09086175;-0.4208713;0.9607843;0.7647059;0.2980392
-0.2249454;0.0899886;-0.4213288;0.9607843;0.7647059;0.2980392
-0.2249454;0.0899886;-0.4213288;0.9607843;0.7647059;0.2980392
-0.2316708;0.08678238;-0.4224;0.9607843;0.7647059;0.2980392
-0.2316708;0.08678238;-0.4224;0.9607843;0.7647059;0.2980392
-0.2367192;0.08375983;-0.423229;0.9607843;0.7647059;0.2980392
-0.2367192;0.08375983;-0.423229;0.9607843;0.7647059;0.2980392
-0.2379292;0.08301077;-0.4235748;0.9607843;0.7647059;0.2980392
-0.2379292;0.08301077;-0.4235748;0.9607843;0.7647059;0.2980392
-0.2421507;0.07953425;-0.4244313;0.9607843;0.7647059;0.2980392
-0.2421507;0.07953425;-0.4244313;0.9607843;0.7647059;0.2980392
-0.2454241;0.07577575;-0.4256213;0.9607843;0.7647059;0.2980392
-0.2454241;0.07577575;-0.4256213;0.9607843;0.7647059;0.2980392
-0.2459638;0.07423958;-0.4261885;0.9607843;0.7647059;0.2980392
-0.2459638;0.07423958;-0.4261885;0.9607843;0.7647059;0.2980392
-0.2454029;0.06949601;-0.427536;0.9607843;0.7647059;0.2980392
-0.2454029;0.06949601;-0.427536;0.9607843;0.7647059;0.2980392
-0.2422193;0.06555663;-0.4282877;0.9607843;0.7647059;0.2980392
-0.2422193;0.06555663;-0.4282877;0.9607843;0.7647059;0.2980392
-0.2409707;0.06464954;-0.4285469;0.9607843;0.7647059;0.2980392
-0.2409707;0.06464954;-0.4285469;0.9607843;0.7647059;0.2980392
-0.2361874;0.06266799;-0.4305891;0.9607843;0.7647059;0.2980392
-0.2361874;0.06266799;-0.4305891;0.9607843;0.7647059;0.2980392
-0.2334675;0.06147468;-0.4309825;0.9607843;0.7647059;0.2980392
-0.2334675;0.06147468;-0.4309825;0.9607843;0.7647059;0.2980392
-0.2270473;0.05909711;-0.4318147;0.9607843;0.7647059;0.2980392
-0.2270473;0.05909711;-0.4318147;0.9607843;0.7647059;0.2980392
-0.2232086;0.05784569;-0.4322222;0.9607843;0.7647059;0.2980392
-0.2232086;0.05784569;-0.4322222;0.9607843;0.7647059;0.2980392
-0.2138584;0.05470861;-0.4325885;0.9607843;0.7647059;0.2980392
-0.2138584;0.05470861;-0.4325885;0.9607843;0.7647059;0.2980392
-0.2115637;0.05411645;-0.4328054;0.9607843;0.7647059;0.2980392
-0.2115637;0.05411645;-0.4328054;0.9607843;0.7647059;0.2980392
-0.202586;0.051602;-0.4331068;0.9607843;0.7647059;0.2980392
-0.202586;0.051602;-0.4331068;0.9607843;0.7647059;0.2980392
-0.2002836;0.05111538;-0.4333014;0.9607843;0.7647059;0.2980392
-0.2002836;0.05111538;-0.4333014;0.9607843;0.7647059;0.2980392
-0.1932231;0.04908913;-0.4330978;0.9607843;0.7647059;0.2980392
-0.1932231;0.04908913;-0.4330978;0.9607843;0.7647059;0.2980392
-0.1893503;0.04840688;-0.4333583;0.9607843;0.7647059;0.2980392
-0.1893503;0.04840688;-0.4333583;0.9607843;0.7647059;0.2980392
-0.1828039;0.04718433;-0.4335381;0.9607843;0.7647059;0.2980392
-0.1828039;0.04718433;-0.4335381;0.9607843;0.7647059;0.2980392
-0.1785041;0.04654004;-0.4336885;0.9607843;0.7647059;0.2980392
-0.1785041;0.04654004;-0.4336885;0.9607843;0.7647059;0.2980392
-0.170012;0.04538711;-0.4337362;0.9607843;0.7647059;0.2980392
-0.170012;0.04538711;-0.4337362;0.9607843;0.7647059;0.2980392
-0.167894;0.04507792;-0.4336618;0.9607843;0.7647059;0.2980392
-0.167894;0.04507792;-0.4336618;0.9607843;0.7647059;0.2980392
-0.1599621;0.04466314;-0.4338477;0.9607843;0.7647059;0.2980392
-0.1599621;0.04466314;-0.4338477;0.9607843;0.7647059;0.2980392
-0.1580457;0.04466277;-0.4339337;0.9607843;0.7647059;0.2980392
-0.1580457;0.04466277;-0.4339337;0.9607843;0.7647059;0.2980392
-0.1520319;0.044544;-0.4338624;0.9607843;0.7647059;0.2980392
-0.1520319;0.044544;-0.4338624;0.9607843;0.7647059;0.2980392
-0.1490494;0.04462553;-0.4339648;0.9607843;0.7647059;0.2980392
-0.1490494;0.04462553;-0.4339648;0.9607843;0.7647059;0.2980392
-0.144276;0.04477194;-0.4339358;0.9607843;0.7647059;0.2980392
-0.144276;0.04477194;-0.4339358;0.9607843;0.7647059;0.2980392
-0.1414879;0.04487449;-0.4338804;0.9607843;0.7647059;0.2980392
-0.1414879;0.04487449;-0.4338804;0.9607843;0.7647059;0.2980392
-0.1369331;0.04558127;-0.4341084;0.9607843;0.7647059;0.2980392
-0.1369331;0.04558127;-0.4341084;0.9607843;0.7647059;0.2980392
-0.1339101;0.04686367;-0.434397;0.9607843;0.7647059;0.2980392
-0.1339101;0.04686367;-0.434397;0.9607843;0.7647059;0.2980392
-0.1346368;0.04792445;-0.434805;0.9607843;0.7647059;0.2980392
-0.1346368;0.04792445;-0.434805;0.9607843;0.7647059;0.2980392
-0.1399039;0.04879192;-0.4354577;0.9607843;0.7647059;0.2980392
-0.1399039;0.04879192;-0.4354577;0.9607843;0.7647059;0.2980392
-0.1417375;0.04876556;-0.4356153;0.9607843;0.7647059;0.2980392
-0.1417375;0.04876556;-0.4356153;0.9607843;0.7647059;0.2980392
-0.146461;0.04867527;-0.4358386;0.9607843;0.7647059;0.2980392
-0.146461;0.04867527;-0.4358386;0.9607843;0.7647059;0.2980392
-0.1493963;0.04853311;-0.4359823;0.9607843;0.7647059;0.2980392
-0.1493963;0.04853311;-0.4359823;0.9607843;0.7647059;0.2980392
-0.1607842;0.0476319;-0.4365432;0.9607843;0.7647059;0.2980392
-0.1607842;0.0476319;-0.4365432;0.9607843;0.7647059;0.2980392
-0.1722778;0.0461723;-0.4371579;0.9607843;0.7647059;0.2980392
-0.1722778;0.0461723;-0.4371579;0.9607843;0.7647059;0.2980392
-0.1735972;0.04596619;-0.4372195;0.9607843;0.7647059;0.2980392
-0.1735972;0.04596619;-0.4372195;0.9607843;0.7647059;0.2980392
-0.1833943;0.04413076;-0.4376501;0.9607843;0.7647059;0.2980392
-0.1833943;0.04413076;-0.4376501;0.9607843;0.7647059;0.2980392
-0.1865161;0.04344149;-0.4378219;0.9607843;0.7647059;0.2980392
-0.1865161;0.04344149;-0.4378219;0.9607843;0.7647059;0.2980392
-0.1983601;0.0400846;-0.4385314;0.9607843;0.7647059;0.2980392
-0.1983601;0.0400846;-0.4385314;0.9607843;0.7647059;0.2980392
-0.2066596;0.03662735;-0.4391783;0.9607843;0.7647059;0.2980392
-0.2066596;0.03662735;-0.4391783;0.9607843;0.7647059;0.2980392
-0.2079965;0.03595684;-0.4392999;0.9607843;0.7647059;0.2980392
-0.2079965;0.03595684;-0.4392999;0.9607843;0.7647059;0.2980392
-0.2145486;0.03176179;-0.4401006;0.9607843;0.7647059;0.2980392
-0.2145486;0.03176179;-0.4401006;0.9607843;0.7647059;0.2980392
-0.2185618;0.02765524;-0.4411265;0.9607843;0.7647059;0.2980392
-0.2185618;0.02765524;-0.4411265;0.9607843;0.7647059;0.2980392
-0.2194964;0.0260679;-0.4414237;0.9607843;0.7647059;0.2980392
-0.2194964;0.0260679;-0.4414237;0.9607843;0.7647059;0.2980392
-0.2205195;0.02014231;-0.4427248;0.9607843;0.7647059;0.2980392
-0.2205195;0.02014231;-0.4427248;0.9607843;0.7647059;0.2980392
-0.2191779;0.01640372;-0.4437263;0.9607843;0.7647059;0.2980392
-0.2191779;0.01640372;-0.4437263;0.9607843;0.7647059;0.2980392
-0.2149697;0.01313997;-0.4448165;0.9607843;0.7647059;0.2980392
-0.2149697;0.01313997;-0.4448165;0.9607843;0.7647059;0.2980392
-0.2136565;0.01241942;-0.4450111;0.9607843;0.7647059;0.2980392
-0.2136565;0.01241942;-0.4450111;0.9607843;0.7647059;0.2980392
-0.2082344;0.01022138;-0.4456017;0.9607843;0.7647059;0.2980392
-0.2082344;0.01022138;-0.4456017;0.9607843;0.7647059;0.2980392
-0.2054411;0.009389796;-0.4458368;0.9607843;0.7647059;0.2980392
-0.2054411;0.009389796;-0.4458368;0.9607843;0.7647059;0.2980392
-0.1951674;0.007159899;-0.4461858;0.9607843;0.7647059;0.2980392
-0.1951674;0.007159899;-0.4461858;0.9607843;0.7647059;0.2980392
-0.1853604;0.006238986;-0.4466187;0.9607843;0.7647059;0.2980392
-0.1853604;0.006238986;-0.4466187;0.9607843;0.7647059;0.2980392
-0.1835893;0.006138366;-0.4466738;0.9607843;0.7647059;0.2980392
-0.1835893;0.006138366;-0.4466738;0.9607843;0.7647059;0.2980392
-0.172499;0.009133282;-0.4497697;0.9607843;0.7647059;0.2980392
-0.172499;0.009133282;-0.4497697;0.9607843;0.7647059;0.2980392
-0.1707772;0.00919938;-0.4498495;0.9607843;0.7647059;0.2980392
-0.1707772;0.00919938;-0.4498495;0.9607843;0.7647059;0.2980392
-0.1634987;0.009724298;-0.4500202;0.9607843;0.7647059;0.2980392
-0.1634987;0.009724298;-0.4500202;0.9607843;0.7647059;0.2980392
-0.1603025;0.01000091;-0.4501449;0.9607843;0.7647059;0.2980392
-0.1603025;0.01000091;-0.4501449;0.9607843;0.7647059;0.2980392
-0.1498109;0.01102035;-0.4502361;0.9607843;0.7647059;0.2980392
-0.1498109;0.01102035;-0.4502361;0.9607843;0.7647059;0.2980392
-0.1422704;0.01263414;-0.4508568;0.9607843;0.7647059;0.2980392
-0.1422704;0.01263414;-0.4508568;0.9607843;0.7647059;0.2980392
-0.140358;0.01298101;-0.4508684;0.9607843;0.7647059;0.2980392
-0.140358;0.01298101;-0.4508684;0.9607843;0.7647059;0.2980392
-0.1337551;0.01419098;-0.4505877;0.9607843;0.7647059;0.2980392
-0.1337551;0.01419098;-0.4505877;0.9607843;0.7647059;0.2980392
-0.1320529;0.0145618;-0.4505594;0.9607843;0.7647059;0.2980392
-0.1320529;0.0145618;-0.4505594;0.9607843;0.7647059;0.2980392
-0.1265224;0.01562885;-0.4500659;0.9607843;0.7647059;0.2980392
-0.1265224;0.01562885;-0.4500659;0.9607843;0.7647059;0.2980392
-0.1242003;0.01622011;-0.4499624;0.9607843;0.7647059;0.2980392
-0.1242003;0.01622011;-0.4499624;0.9607843;0.7647059;0.2980392
-0.1169309;0.01762903;-0.4487778;0.9607843;0.7647059;0.2980392
-0.1169309;0.01762903;-0.4487778;0.9607843;0.7647059;0.2980392
-0.1118968;0.01877595;-0.4477445;0.9607843;0.7647059;0.2980392
-0.1118968;0.01877595;-0.4477445;0.9607843;0.7647059;0.2980392
-0.1106957;0.01918652;-0.4476237;0.9607843;0.7647059;0.2980392
-0.1106957;0.01918652;-0.4476237;0.9607843;0.7647059;0.2980392
-0.1063882;0.01986531;-0.4463296;0.9607843;0.7647059;0.2980392
-0.1063882;0.01986531;-0.4463296;0.9607843;0.7647059;0.2980392
-0.1054176;0.02018653;-0.4461493;0.9607843;0.7647059;0.2980392
-0.1054176;0.02018653;-0.4461493;0.9607843;0.7647059;0.2980392
-0.1021215;0.02085777;-0.4448849;0.9607843;0.7647059;0.2980392
-0.1021215;0.02085777;-0.4448849;0.9607843;0.7647059;0.2980392
-0.1007551;0.02131739;-0.4444966;0.9607843;0.7647059;0.2980392
-0.1007551;0.02131739;-0.4444966;0.9607843;0.7647059;0.2980392
-0.09601474;0.02266621;-0.4426742;0.9607843;0.7647059;0.2980392
-0.09601474;0.02266621;-0.4426742;0.9607843;0.7647059;0.2980392
-0.0918377;0.02382345;-0.4414911;0.9607843;0.7647059;0.2980392
-0.0918377;0.02382345;-0.4414911;0.9607843;0.7647059;0.2980392
-0.09074984;0.02415011;-0.44122;0.9607843;0.7647059;0.2980392
-0.09074984;0.02415011;-0.44122;0.9607843;0.7647059;0.2980392
-0.08678209;0.02462032;-0.4396505;0.9607843;0.7647059;0.2980392
-0.08678209;0.02462032;-0.4396505;0.9607843;0.7647059;0.2980392
-0.08506048;0.02503574;-0.4391832;0.9607843;0.7647059;0.2980392
-0.08506048;0.02503574;-0.4391832;0.9607843;0.7647059;0.2980392
-0.08132931;0.02590118;-0.43811;0.9607843;0.7647059;0.2980392
-0.08132931;0.02590118;-0.43811;0.9607843;0.7647059;0.2980392
-0.07918493;0.02610877;-0.4371519;0.9607843;0.7647059;0.2980392
-0.07918493;0.02610877;-0.4371519;0.9607843;0.7647059;0.2980392
-0.07557512;0.02708938;-0.436193;0.9607843;0.7647059;0.2980392
-0.07557512;0.02708938;-0.436193;0.9607843;0.7647059;0.2980392
-0.07436942;0.02729938;-0.4356447;0.9607843;0.7647059;0.2980392
-0.07436942;0.02729938;-0.4356447;0.9607843;0.7647059;0.2980392
-0.06802472;0.02899955;-0.4339373;0.9607843;0.7647059;0.2980392
-0.06802472;0.02899955;-0.4339373;0.9607843;0.7647059;0.2980392
-0.06262214;0.03053306;-0.4325954;0.9607843;0.7647059;0.2980392
-0.06262214;0.03053306;-0.4325954;0.9607843;0.7647059;0.2980392
-0.06057207;0.03116516;-0.4321878;0.9607843;0.7647059;0.2980392
-0.06057207;0.03116516;-0.4321878;0.9607843;0.7647059;0.2980392
-0.05621944;0.03259996;-0.4314516;0.9607843;0.7647059;0.2980392
-0.05621944;0.03259996;-0.4314516;0.9607843;0.7647059;0.2980392
-0.05363164;0.03345864;-0.4310344;0.9607843;0.7647059;0.2980392
-0.05363164;0.03345864;-0.4310344;0.9607843;0.7647059;0.2980392
-0.04846587;0.03452921;-0.4297724;0.9607843;0.7647059;0.2980392
-0.04846587;0.03452921;-0.4297724;0.9607843;0.7647059;0.2980392
-0.04718701;0.03479846;-0.4295534;0.9607843;0.7647059;0.2980392
-0.04718701;0.03479846;-0.4295534;0.9607843;0.7647059;0.2980392
-0.0350058;0.03666231;-0.4280472;0.9607843;0.7647059;0.2980392
-0.0350058;0.03666231;-0.4280472;0.9607843;0.7647059;0.2980392
-0.03264556;0.03684753;-0.4278703;0.9607843;0.7647059;0.2980392
-0.03264556;0.03684753;-0.4278703;0.9607843;0.7647059;0.2980392
-0.02785045;0.03724713;-0.4277152;0.9607843;0.7647059;0.2980392
-0.02785045;0.03724713;-0.4277152;0.9607843;0.7647059;0.2980392
-0.0245757;0.03731702;-0.427552;0.9607843;0.7647059;0.2980392
-0.0245757;0.03731702;-0.427552;0.9607843;0.7647059;0.2980392
-0.01629703;0.03690843;-0.4274642;0.9607843;0.7647059;0.2980392
-0.01629703;0.03690843;-0.4274642;0.9607843;0.7647059;0.2980392
-0.009853547;0.03649884;-0.4278344;0.9607843;0.7647059;0.2980392
-0.009853547;0.03649884;-0.4278344;0.9607843;0.7647059;0.2980392
-0.008240388;0.03632988;-0.4278913;0.9607843;0.7647059;0.2980392
-0.008240388;0.03632988;-0.4278913;0.9607843;0.7647059;0.2980392
-0.001762046;0.03555676;-0.4280258;0.9607843;0.7647059;0.2980392
-0.001762046;0.03555676;-0.4280258;0.9607843;0.7647059;0.2980392
-7.725018E-05;0.03534805;-0.4281054;0.9607843;0.7647059;0.2980392
-7.725018E-05;0.03534805;-0.4281054;0.9607843;0.7647059;0.2980392
0.006742256;0.03432277;-0.4280781;0.9607843;0.7647059;0.2980392
0.006742256;0.03432277;-0.4280781;0.9607843;0.7647059;0.2980392
0.008426244;0.03406686;-0.4281518;0.9607843;0.7647059;0.2980392
0.008426244;0.03406686;-0.4281518;0.9607843;0.7647059;0.2980392
0.01379499;0.03327246;-0.4284163;0.9607843;0.7647059;0.2980392
0.01379499;0.03327246;-0.4284163;0.9607843;0.7647059;0.2980392
0.01672025;0.03292469;-0.4284493;0.9607843;0.7647059;0.2980392
0.01672025;0.03292469;-0.4284493;0.9607843;0.7647059;0.2980392
0.02340882;0.03215742;-0.4287423;0.9607843;0.7647059;0.2980392
0.02340882;0.03215742;-0.4287423;0.9607843;0.7647059;0.2980392
0.02511403;0.0320103;-0.4288627;0.9607843;0.7647059;0.2980392
0.02511403;0.0320103;-0.4288627;0.9607843;0.7647059;0.2980392
0.0310703;0.03171175;-0.4293556;0.9607843;0.7647059;0.2980392
0.0310703;0.03171175;-0.4293556;0.9607843;0.7647059;0.2980392
0.03237935;0.0316226;-0.4294646;0.9607843;0.7647059;0.2980392
0.03237935;0.0316226;-0.4294646;0.9607843;0.7647059;0.2980392
0.03891341;0.0312204;-0.4300439;0.9607843;0.7647059;0.2980392
0.03891341;0.0312204;-0.4300439;0.9607843;0.7647059;0.2980392
0.04110244;0.03107641;-0.4302248;0.9607843;0.7647059;0.2980392
0.04110244;0.03107641;-0.4302248;0.9607843;0.7647059;0.2980392
0.05000725;0.03073371;-0.4311938;0.9607843;0.7647059;0.2980392
0.05000725;0.03073371;-0.4311938;0.9607843;0.7647059;0.2980392
0.05875093;0.03062808;-0.4321477;0.9607843;0.7647059;0.2980392
0.05875093;0.03062808;-0.4321477;0.9607843;0.7647059;0.2980392
0.05977711;0.0306301;-0.4322721;0.9607843;0.7647059;0.2980392
0.05977711;0.0306301;-0.4322721;0.9607843;0.7647059;0.2980392
0.06787891;0.03060833;-0.4332006;0.9607843;0.7647059;0.2980392
0.06787891;0.03060833;-0.4332006;0.9607843;0.7647059;0.2980392
0.07607412;0.03062904;-0.4343126;0.9607843;0.7647059;0.2980392
0.07607412;0.03062904;-0.4343126;0.9607843;0.7647059;0.2980392
0.07841466;0.03064226;-0.4346254;0.9607843;0.7647059;0.2980392
0.07841466;0.03064226;-0.4346254;0.9607843;0.7647059;0.2980392
0.08769861;0.03089429;-0.43595;0.9607843;0.7647059;0.2980392
0.08769861;0.03089429;-0.43595;0.9607843;0.7647059;0.2980392
0.09737504;0.03144935;-0.4374;0.9607843;0.7647059;0.2980392
0.09737504;0.03144935;-0.4374;0.9607843;0.7647059;0.2980392
0.1057981;0.03193403;-0.4385167;0.9607843;0.7647059;0.2980392
0.1057981;0.03193403;-0.4385167;0.9607843;0.7647059;0.2980392
0.1072889;0.03203155;-0.4387397;0.9607843;0.7647059;0.2980392
0.1072889;0.03203155;-0.4387397;0.9607843;0.7647059;0.2980392
0.114551;0.03249244;-0.4397027;0.9607843;0.7647059;0.2980392
0.114551;0.03249244;-0.4397027;0.9607843;0.7647059;0.2980392
0.1173943;0.03278561;-0.4401256;0.9607843;0.7647059;0.2980392
0.1173943;0.03278561;-0.4401256;0.9607843;0.7647059;0.2980392
0.126365;0.03385249;-0.4413667;0.9607843;0.7647059;0.2980392
0.126365;0.03385249;-0.4413667;0.9607843;0.7647059;0.2980392
0.1345311;0.03505739;-0.4425619;0.9607843;0.7647059;0.2980392
0.1345311;0.03505739;-0.4425619;0.9607843;0.7647059;0.2980392
0.1364442;0.03538838;-0.4428748;0.9607843;0.7647059;0.2980392
0.1364442;0.03538838;-0.4428748;0.9607843;0.7647059;0.2980392
0.1440081;0.03681941;-0.444006;0.9607843;0.7647059;0.2980392
0.1440081;0.03681941;-0.444006;0.9607843;0.7647059;0.2980392
0.1459072;0.03721814;-0.4443271;0.9607843;0.7647059;0.2980392
0.1459072;0.03721814;-0.4443271;0.9607843;0.7647059;0.2980392
0.1529138;0.03872754;-0.4454142;0.9607843;0.7647059;0.2980392
0.1529138;0.03872754;-0.4454142;0.9607843;0.7647059;0.2980392
0.1552485;0.03923373;-0.4458016;0.9607843;0.7647059;0.2980392
0.1552485;0.03923373;-0.4458016;0.9607843;0.7647059;0.2980392
0.1612164;0.04044907;-0.4466498;0.9607843;0.7647059;0.2980392
0.1612164;0.04044907;-0.4466498;0.9607843;0.7647059;0.2980392
0.164348;0.04109551;-0.4471031;0.9607843;0.7647059;0.2980392
0.164348;0.04109551;-0.4471031;0.9607843;0.7647059;0.2980392
0.1711908;0.0424636;-0.4479564;0.9607843;0.7647059;0.2980392
0.1711908;0.0424636;-0.4479564;0.9607843;0.7647059;0.2980392
0.1728556;0.04283111;-0.4481652;0.9607843;0.7647059;0.2980392
0.1728556;0.04283111;-0.4481652;0.9607843;0.7647059;0.2980392
0.1791066;0.04432158;-0.4487854;0.9607843;0.7647059;0.2980392
0.1791066;0.04432158;-0.4487854;0.9607843;0.7647059;0.2980392
0.1885449;0.04726929;-0.449458;0.9607843;0.7647059;0.2980392
0.1885449;0.04726929;-0.449458;0.9607843;0.7647059;0.2980392
0.1944004;0.04882906;-0.4494331;0.9607843;0.7647059;0.2980392
0.1944004;0.04882906;-0.4494331;0.9607843;0.7647059;0.2980392
0.1995432;0.05090041;-0.4492131;0.9607843;0.7647059;0.2980392
0.1995432;0.05090041;-0.4492131;0.9607843;0.7647059;0.2980392
0.2045892;0.05414878;-0.448379;0.9607843;0.7647059;0.2980392
0.2045892;0.05414878;-0.448379;0.9607843;0.7647059;0.2980392
0.2055379;0.05492976;-0.4482332;0.9607843;0.7647059;0.2980392
0.2055379;0.05492976;-0.4482332;0.9607843;0.7647059;0.2980392
0.2088428;0.05777143;-0.4475641;0.9607843;0.7647059;0.2980392
0.2088428;0.05777143;-0.4475641;0.9607843;0.7647059;0.2980392
0.2102764;0.05908209;-0.4472609;0.9607843;0.7647059;0.2980392
0.2102764;0.05908209;-0.4472609;0.9607843;0.7647059;0.2980392
0.2147731;0.06383754;-0.4461056;0.9607843;0.7647059;0.2980392
0.2147731;0.06383754;-0.4461056;0.9607843;0.7647059;0.2980392
0.2178734;0.06820126;-0.4451482;0.9607843;0.7647059;0.2980392
0.2178734;0.06820126;-0.4451482;0.9607843;0.7647059;0.2980392
0.2186127;0.06935893;-0.4448701;0.9607843;0.7647059;0.2980392
0.2186127;0.06935893;-0.4448701;0.9607843;0.7647059;0.2980392
0.2210444;0.0734428;-0.4439446;0.9607843;0.7647059;0.2980392
0.2210444;0.0734428;-0.4439446;0.9607843;0.7647059;0.2980392
0.2220403;0.07530321;-0.4435765;0.9607843;0.7647059;0.2980392
0.2220403;0.07530321;-0.4435765;0.9607843;0.7647059;0.2980392
0.2241459;0.07941456;-0.4426743;0.9607843;0.7647059;0.2980392
0.2241459;0.07941456;-0.4426743;0.9607843;0.7647059;0.2980392
0.2252542;0.08171915;-0.4422219;0.9607843;0.7647059;0.2980392
0.2252542;0.08171915;-0.4422219;0.9607843;0.7647059;0.2980392
0.2278137;0.08825455;-0.4408618;0.9607843;0.7647059;0.2980392
0.2278137;0.08825455;-0.4408618;0.9607843;0.7647059;0.2980392
0.2292273;0.09340443;-0.4395397;0.9607843;0.7647059;0.2980392
0.2292273;0.09340443;-0.4395397;0.9607843;0.7647059;0.2980392
0.229485;0.09468763;-0.4391503;0.9607843;0.7647059;0.2980392
0.229485;0.09468763;-0.4391503;0.9607843;0.7647059;0.2980392
0.2300862;0.09914276;-0.4376987;0.9607843;0.7647059;0.2980392
0.2300862;0.09914276;-0.4376987;0.9607843;0.7647059;0.2980392
0.2301551;0.1001375;-0.437413;0.9607843;0.7647059;0.2980392
0.2301551;0.1001375;-0.437413;0.9607843;0.7647059;0.2980392
0.2304069;0.1055242;-0.4356849;0.9607843;0.7647059;0.2980392
0.2304069;0.1055242;-0.4356849;0.9607843;0.7647059;0.2980392
0.2304508;0.1073959;-0.4350705;0.9607843;0.7647059;0.2980392
0.2304508;0.1073959;-0.4350705;0.9607843;0.7647059;0.2980392
0.2302725;0.1136844;-0.4332161;0.9607843;0.7647059;0.2980392
0.2302725;0.1136844;-0.4332161;0.9607843;0.7647059;0.2980392
0.2298415;0.1185318;-0.4317629;0.9607843;0.7647059;0.2980392
0.2298415;0.1185318;-0.4317629;0.9607843;0.7647059;0.2980392
0.2296709;0.119804;-0.4314084;0.9607843;0.7647059;0.2980392
0.2296709;0.119804;-0.4314084;0.9607843;0.7647059;0.2980392
0.2289466;0.1239964;-0.4302493;0.9607843;0.7647059;0.2980392
0.2289466;0.1239964;-0.4302493;0.9607843;0.7647059;0.2980392
0.2285258;0.126091;-0.4297101;0.9607843;0.7647059;0.2980392
0.2285258;0.126091;-0.4297101;0.9607843;0.7647059;0.2980392
0.2277902;0.1295566;-0.4287988;0.9607843;0.7647059;0.2980392
0.2277902;0.1295566;-0.4287988;0.9607843;0.7647059;0.2980392
0.2273117;0.1318036;-0.4281951;0.9607843;0.7647059;0.2980392
0.2273117;0.1318036;-0.4281951;0.9607843;0.7647059;0.2980392
0.2262013;0.1362273;-0.4271667;0.9607843;0.7647059;0.2980392
0.2262013;0.1362273;-0.4271667;0.9607843;0.7647059;0.2980392
0.225906;0.1373056;-0.4269415;0.9607843;0.7647059;0.2980392
0.225906;0.1373056;-0.4269415;0.9607843;0.7647059;0.2980392
0.2247223;0.1413822;-0.4259733;0.9607843;0.7647059;0.2980392
0.2247223;0.1413822;-0.4259733;0.9607843;0.7647059;0.2980392
0.2244293;0.1423043;-0.4256798;0.9607843;0.7647059;0.2980392
0.2244293;0.1423043;-0.4256798;0.9607843;0.7647059;0.2980392
0.2231086;0.1456198;-0.4248788;0.9607843;0.7647059;0.2980392
0.2231086;0.1456198;-0.4248788;0.9607843;0.7647059;0.2980392
0.2224395;0.1470249;-0.4245701;0.9607843;0.7647059;0.2980392
0.2224395;0.1470249;-0.4245701;0.9607843;0.7647059;0.2980392
0.2210403;0.14964;-0.4238813;0.9607843;0.7647059;0.2980392
0.2210403;0.14964;-0.4238813;0.9607843;0.7647059;0.2980392
0.2200433;0.1512759;-0.4234056;0.9607843;0.7647059;0.2980392
0.2200433;0.1512759;-0.4234056;0.9607843;0.7647059;0.2980392
0.2180148;0.1541041;-0.4224088;0.9607843;0.7647059;0.2980392
0.2180148;0.1541041;-0.4224088;0.9607843;0.7647059;0.2980392
0.2154245;0.156978;-0.4212859;0.9607843;0.7647059;0.2980392
0.2154245;0.156978;-0.4212859;0.9607843;0.7647059;0.2980392
0.2130582;0.1588819;-0.420084;0.9607843;0.7647059;0.2980392
0.2130582;0.1588819;-0.420084;0.9607843;0.7647059;0.2980392
0.2122073;0.1594823;-0.4197826;0.9607843;0.7647059;0.2980392
0.2122073;0.1594823;-0.4197826;0.9607843;0.7647059;0.2980392
0.2106274;0.1604668;-0.4190084;0.9607843;0.7647059;0.2980392
0.2106274;0.1604668;-0.4190084;0.9607843;0.7647059;0.2980392
0.2095567;0.1610842;-0.4185548;0.9607843;0.7647059;0.2980392
0.2095567;0.1610842;-0.4185548;0.9607843;0.7647059;0.2980392
0.2035542;0.163675;-0.4168179;0.9607843;0.7647059;0.2980392
0.2035542;0.163675;-0.4168179;0.9607843;0.7647059;0.2980392
0.200045;0.1649485;-0.4156648;0.9607843;0.7647059;0.2980392
0.200045;0.1649485;-0.4156648;0.9607843;0.7647059;0.2980392
0.1965967;0.1666501;-0.414593;0.9607843;0.7647059;0.2980392
0.1965967;0.1666501;-0.414593;0.9607843;0.7647059;0.2980392
0.1956811;0.1672162;-0.4142425;0.9607843;0.7647059;0.2980392
0.1956811;0.1672162;-0.4142425;0.9607843;0.7647059;0.2980392
0.1918124;0.1697106;-0.4130036;0.9607843;0.7647059;0.2980392
0.1918124;0.1697106;-0.4130036;0.9607843;0.7647059;0.2980392
0.1873838;0.1726638;-0.4116595;0.9607843;0.7647059;0.2980392
0.1873838;0.1726638;-0.4116595;0.9607843;0.7647059;0.2980392
0.1834217;0.175448;-0.4103593;0.9607843;0.7647059;0.2980392
0.1834217;0.175448;-0.4103593;0.9607843;0.7647059;0.2980392
0.1791921;0.1787162;-0.4092185;0.9607843;0.7647059;0.2980392
0.1791921;0.1787162;-0.4092185;0.9607843;0.7647059;0.2980392
0.1783733;0.1794763;-0.4091014;0.9607843;0.7647059;0.2980392
0.1783733;0.1794763;-0.4091014;0.9607843;0.7647059;0.2980392
0.1746358;0.1828825;-0.4084334;0.9607843;0.7647059;0.2980392
0.1746358;0.1828825;-0.4084334;0.9607843;0.7647059;0.2980392
0.1716486;0.1863918;-0.4084312;0.9607843;0.7647059;0.2980392
0.1716486;0.1863918;-0.4084312;0.9607843;0.7647059;0.2980392
0.1698411;0.1899024;-0.409413;0.9607843;0.7647059;0.2980392
0.1698411;0.1899024;-0.409413;0.9607843;0.7647059;0.2980392
0.1674667;0.1946182;-0.4122794;0.9607843;0.7647059;0.2980392
0.1674667;0.1946182;-0.4122794;0.9607843;0.7647059;0.2980392
0.1662913;0.1965963;-0.4138439;0.9607843;0.7647059;0.2980392
0.1662913;0.1965963;-0.4138439;0.9607843;0.7647059;0.2980392
0.1610366;0.2057148;-0.4216951;0.9607843;0.7647059;0.2980392
