0.2214589;0.2812649;-0.4832273;0.3764706;0.6941177;0.4666667
0.220814;0.2822092;-0.4828306;0.3764706;0.6941177;0.4666667
0.220814;0.2822092;-0.4828306;0.3764706;0.6941177;0.4666667
0.2203901;0.2839108;-0.4827273;0.3764706;0.6941177;0.4666667
0.2203901;0.2839108;-0.4827273;0.3764706;0.6941177;0.4666667
0.2205689;0.2866801;-0.4825466;0.3764706;0.6941177;0.4666667
0.2205689;0.2866801;-0.4825466;0.3764706;0.6941177;0.4666667
0.2215621;0.2887875;-0.4820251;0.3764706;0.6941177;0.4666667
0.2215621;0.2887875;-0.4820251;0.3764706;0.6941177;0.4666667
0.2233143;0.2921245;-0.4815506;0.3764706;0.6941177;0.4666667
0.2233143;0.2921245;-0.4815506;0.3764706;0.6941177;0.4666667
0.2238082;0.2932643;-0.4815761;0.3764706;0.6941177;0.4666667
0.2238082;0.2932643;-0.4815761;0.3764706;0.6941177;0.4666667
0.2250741;0.2966861;-0.4815483;0.3764706;0.6941177;0.4666667
0.2250741;0.2966861;-0.4815483;0.3764706;0.6941177;0.4666667
0.2257063;0.298775;-0.4815091;0.3764706;0.6941177;0.4666667
0.2257063;0.298775;-0.4815091;0.3764706;0.6941177;0.4666667
0.2271879;0.3044409;-0.481468;0.3764706;0.6941177;0.4666667
0.2271879;0.3044409;-0.481468;0.3764706;0.6941177;0.4666667
0.2274818;0.3055532;-0.4814113;0.3764706;0.6941177;0.4666667
0.2274818;0.3055532;-0.4814113;0.3764706;0.6941177;0.4666667
0.2295649;0.3119071;-0.4814409;0.3764706;0.6941177;0.4666667
0.2295649;0.3119071;-0.4814409;0.3764706;0.6941177;0.4666667
0.2299885;0.3130998;-0.4814936;0.3764706;0.6941177;0.4666667
0.2299885;0.3130998;-0.4814936;0.3764706;0.6941177;0.4666667
0.2324214;0.3203531;-0.4816265;0.3764706;0.6941177;0.4666667
0.2324214;0.3203531;-0.4816265;0.3764706;0.6941177;0.4666667
0.2328213;0.3217409;-0.481722;0.3764706;0.6941177;0.4666667
0.2328213;0.3217409;-0.481722;0.3764706;0.6941177;0.4666667
0.2348336;0.331544;-0.4820104;0.3764706;0.6941177;0.4666667
0.2348336;0.331544;-0.4820104;0.3764706;0.6941177;0.4666667
0.2354992;0.3419447;-0.4817866;0.3764706;0.6941177;0.4666667
0.2354992;0.3419447;-0.4817866;0.3764706;0.6941177;0.4666667
0.2353005;0.3511361;-0.4810028;0.3764706;0.6941177;0.4666667
0.2353005;0.3511361;-0.4810028;0.3764706;0.6941177;0.4666667
0.2352604;0.3521317;-0.4809155;0.3764706;0.6941177;0.4666667
0.2352604;0.3521317;-0.4809155;0.3764706;0.6941177;0.4666667
0.2350001;0.3605656;-0.479688;0.3764706;0.6941177;0.4666667
0.2350001;0.3605656;-0.479688;0.3764706;0.6941177;0.4666667
0.2349669;0.3620427;-0.4795539;0.3764706;0.6941177;0.4666667
0.2349669;0.3620427;-0.4795539;0.3764706;0.6941177;0.4666667
0.234918;0.3715216;-0.4783536;0.3764706;0.6941177;0.4666667
0.234918;0.3715216;-0.4783536;0.3764706;0.6941177;0.4666667
0.2345996;0.3791946;-0.4771796;0.3764706;0.6941177;0.4666667
0.2345996;0.3791946;-0.4771796;0.3764706;0.6941177;0.4666667
0.2344993;0.3805425;-0.4768741;0.3764706;0.6941177;0.4666667
0.2344993;0.3805425;-0.4768741;0.3764706;0.6941177;0.4666667
0.2333072;0.3881789;-0.4758406;0.3764706;0.6941177;0.4666667
0.2333072;0.3881789;-0.4758406;0.3764706;0.6941177;0.4666667
0.2329178;0.3899564;-0.4756427;0.3764706;0.6941177;0.4666667
0.2329178;0.3899564;-0.4756427;0.3764706;0.6941177;0.4666667
0.2314681;0.3956346;-0.4741307;0.3764706;0.6941177;0.4666667
0.2314681;0.3956346;-0.4741307;0.3764706;0.6941177;0.4666667
0.2307748;0.3979764;-0.4737123;0.3764706;0.6941177;0.4666667
0.2307748;0.3979764;-0.4737123;0.3764706;0.6941177;0.4666667
0.2293272;0.4023412;-0.4724674;0.3764706;0.6941177;0.4666667
0.2293272;0.4023412;-0.4724674;0.3764706;0.6941177;0.4666667
0.2281964;0.4051478;-0.4717854;0.3764706;0.6941177;0.4666667
0.2281964;0.4051478;-0.4717854;0.3764706;0.6941177;0.4666667
0.2256611;0.4103028;-0.4701424;0.3764706;0.6941177;0.4666667
0.2256611;0.4103028;-0.4701424;0.3764706;0.6941177;0.4666667
0.2249976;0.4115143;-0.469591;0.3764706;0.6941177;0.4666667
0.2249976;0.4115143;-0.469591;0.3764706;0.6941177;0.4666667
0.2220113;0.4161089;-0.467996;0.3764706;0.6941177;0.4666667
0.2220113;0.4161089;-0.467996;0.3764706;0.6941177;0.4666667
0.2212197;0.4171975;-0.4676992;0.3764706;0.6941177;0.4666667
0.2212197;0.4171975;-0.4676992;0.3764706;0.6941177;0.4666667
0.21709;0.4216457;-0.4686323;0.3764706;0.6941177;0.4666667
0.21709;0.4216457;-0.4686323;0.3764706;0.6941177;0.4666667
0.211255;0.4268011;-0.4660218;0.3764706;0.6941177;0.4666667
0.211255;0.4268011;-0.4660218;0.3764706;0.6941177;0.4666667
0.2065569;0.4293475;-0.4641041;0.3764706;0.6941177;0.4666667
0.2065569;0.4293475;-0.4641041;0.3764706;0.6941177;0.4666667
0.2017094;0.4306652;-0.4622089;0.3764706;0.6941177;0.4666667
0.2017094;0.4306652;-0.4622089;0.3764706;0.6941177;0.4666667
0.2005898;0.4308014;-0.4618548;0.3764706;0.6941177;0.4666667
0.2005898;0.4308014;-0.4618548;0.3764706;0.6941177;0.4666667
0.1973607;0.4303982;-0.4592954;0.3764706;0.6941177;0.4666667
0.1973607;0.4303982;-0.4592954;0.3764706;0.6941177;0.4666667
0.1957581;0.4301471;-0.4587183;0.3764706;0.6941177;0.4666667
0.1957581;0.4301471;-0.4587183;0.3764706;0.6941177;0.4666667
0.1928424;0.4289887;-0.4569151;0.3764706;0.6941177;0.4666667
0.1928424;0.4289887;-0.4569151;0.3764706;0.6941177;0.4666667
0.1906987;0.4278095;-0.4557967;0.3764706;0.6941177;0.4666667
0.1906987;0.4278095;-0.4557967;0.3764706;0.6941177;0.4666667
0.1872525;0.4247975;-0.4528606;0.3764706;0.6941177;0.4666667
0.1872525;0.4247975;-0.4528606;0.3764706;0.6941177;0.4666667
0.186326;0.4239591;-0.4523911;0.3764706;0.6941177;0.4666667
0.186326;0.4239591;-0.4523911;0.3764706;0.6941177;0.4666667
0.1833609;0.4210262;-0.4506491;0.3764706;0.6941177;0.4666667
0.1833609;0.4210262;-0.4506491;0.3764706;0.6941177;0.4666667
0.1818198;0.4192018;-0.4498863;0.3764706;0.6941177;0.4666667
0.1818198;0.4192018;-0.4498863;0.3764706;0.6941177;0.4666667
0.1796043;0.4153792;-0.4479144;0.3764706;0.6941177;0.4666667
0.1796043;0.4153792;-0.4479144;0.3764706;0.6941177;0.4666667
0.1784547;0.413166;-0.447215;0.3764706;0.6941177;0.4666667
0.1784547;0.413166;-0.447215;0.3764706;0.6941177;0.4666667
0.1768306;0.4094276;-0.44569;0.3764706;0.6941177;0.4666667
0.1768306;0.4094276;-0.44569;0.3764706;0.6941177;0.4666667
0.1756845;0.4063114;-0.4448857;0.3764706;0.6941177;0.4666667
0.1756845;0.4063114;-0.4448857;0.3764706;0.6941177;0.4666667
0.1737481;0.4006458;-0.4431329;0.3764706;0.6941177;0.4666667
0.1737481;0.4006458;-0.4431329;0.3764706;0.6941177;0.4666667
0.1732861;0.3991848;-0.442829;0.3764706;0.6941177;0.4666667
0.1732861;0.3991848;-0.442829;0.3764706;0.6941177;0.4666667
0.1716715;0.3944386;-0.4413463;0.3764706;0.6941177;0.4666667
0.1716715;0.3944386;-0.4413463;0.3764706;0.6941177;0.4666667
0.1708939;0.3918545;-0.4407949;0.3764706;0.6941177;0.4666667
0.1708939;0.3918545;-0.4407949;0.3764706;0.6941177;0.4666667
0.1696288;0.3871096;-0.4394798;0.3764706;0.6941177;0.4666667
0.1696288;0.3871096;-0.4394798;0.3764706;0.6941177;0.4666667
0.1690438;0.3844134;-0.4388982;0.3764706;0.6941177;0.4666667
0.1690438;0.3844134;-0.4388982;0.3764706;0.6941177;0.4666667
0.1681886;0.3801191;-0.4375685;0.3764706;0.6941177;0.4666667
0.1681886;0.3801191;-0.4375685;0.3764706;0.6941177;0.4666667
0.1676269;0.3766556;-0.4368286;0.3764706;0.6941177;0.4666667
0.1676269;0.3766556;-0.4368286;0.3764706;0.6941177;0.4666667
0.1665874;0.3706664;-0.4354858;0.3764706;0.6941177;0.4666667
0.1665874;0.3706664;-0.4354858;0.3764706;0.6941177;0.4666667
0.1661443;0.3690826;-0.4346815;0.3764706;0.6941177;0.4666667
0.1661443;0.3690826;-0.4346815;0.3764706;0.6941177;0.4666667
0.1650545;0.3632735;-0.4334562;0.3764706;0.6941177;0.4666667
0.1650545;0.3632735;-0.4334562;0.3764706;0.6941177;0.4666667
0.1640271;0.3569342;-0.4322499;0.3764706;0.6941177;0.4666667
0.1640271;0.3569342;-0.4322499;0.3764706;0.6941177;0.4666667
0.1638491;0.3558734;-0.4320791;0.3764706;0.6941177;0.4666667
0.1638491;0.3558734;-0.4320791;0.3764706;0.6941177;0.4666667
0.1629322;0.3506051;-0.4311875;0.3764706;0.6941177;0.4666667
0.1629322;0.3506051;-0.4311875;0.3764706;0.6941177;0.4666667
0.1626217;0.3488375;-0.4308616;0.3764706;0.6941177;0.4666667
0.1626217;0.3488375;-0.4308616;0.3764706;0.6941177;0.4666667
0.1617278;0.3417436;-0.4299302;0.3764706;0.6941177;0.4666667
0.1617278;0.3417436;-0.4299302;0.3764706;0.6941177;0.4666667
0.1611557;0.335593;-0.4291229;0.3764706;0.6941177;0.4666667
0.1611557;0.335593;-0.4291229;0.3764706;0.6941177;0.4666667
0.1607008;0.3298334;-0.42884;0.3764706;0.6941177;0.4666667
0.1607008;0.3298334;-0.42884;0.3764706;0.6941177;0.4666667
0.160557;0.3285159;-0.4287415;0.3764706;0.6941177;0.4666667
0.160557;0.3285159;-0.4287415;0.3764706;0.6941177;0.4666667
0.1600829;0.32364;-0.4284595;0.3764706;0.6941177;0.4666667
0.1600829;0.32364;-0.4284595;0.3764706;0.6941177;0.4666667
0.1599327;0.3224584;-0.4283686;0.3764706;0.6941177;0.4666667
0.1599327;0.3224584;-0.4283686;0.3764706;0.6941177;0.4666667
0.1591707;0.316985;-0.4280175;0.3764706;0.6941177;0.4666667
0.1591707;0.316985;-0.4280175;0.3764706;0.6941177;0.4666667
0.1585003;0.3130101;-0.4277544;0.3764706;0.6941177;0.4666667
0.1585003;0.3130101;-0.4277544;0.3764706;0.6941177;0.4666667
0.1582897;0.3118207;-0.427713;0.3764706;0.6941177;0.4666667
0.1582897;0.3118207;-0.427713;0.3764706;0.6941177;0.4666667
0.1577412;0.3085894;-0.4277056;0.3764706;0.6941177;0.4666667
0.1577412;0.3085894;-0.4277056;0.3764706;0.6941177;0.4666667
0.1573178;0.3039458;-0.4277625;0.3764706;0.6941177;0.4666667
0.1573178;0.3039458;-0.4277625;0.3764706;0.6941177;0.4666667
0.1567222;0.2990547;-0.4282236;0.3764706;0.6941177;0.4666667
0.1567222;0.2990547;-0.4282236;0.3764706;0.6941177;0.4666667
0.1563883;0.2974121;-0.4281433;0.3764706;0.6941177;0.4666667
0.1563883;0.2974121;-0.4281433;0.3764706;0.6941177;0.4666667
0.1557207;0.2958866;-0.4278759;0.3764706;0.6941177;0.4666667
0.1557207;0.2958866;-0.4278759;0.3764706;0.6941177;0.4666667
0.1548908;0.2947339;-0.4276018;0.3764706;0.6941177;0.4666667
0.1548908;0.2947339;-0.4276018;0.3764706;0.6941177;0.4666667
0.1539128;0.2941048;-0.4273477;0.3764706;0.6941177;0.4666667
0.1539128;0.2941048;-0.4273477;0.3764706;0.6941177;0.4666667
0.1522764;0.2936223;-0.4265472;0.3764706;0.6941177;0.4666667
0.1522764;0.2936223;-0.4265472;0.3764706;0.6941177;0.4666667
0.1504019;0.2934853;-0.4262282;0.3764706;0.6941177;0.4666667
0.1504019;0.2934853;-0.4262282;0.3764706;0.6941177;0.4666667
0.1473986;0.2937927;-0.4256163;0.3764706;0.6941177;0.4666667
0.1473986;0.2937927;-0.4256163;0.3764706;0.6941177;0.4666667
0.1436551;0.2947328;-0.4250901;0.3764706;0.6941177;0.4666667
0.1436551;0.2947328;-0.4250901;0.3764706;0.6941177;0.4666667
0.1387094;0.2962472;-0.4242189;0.3764706;0.6941177;0.4666667
0.1387094;0.2962472;-0.4242189;0.3764706;0.6941177;0.4666667
0.1345174;0.2979964;-0.4239541;0.3764706;0.6941177;0.4666667
0.1345174;0.2979964;-0.4239541;0.3764706;0.6941177;0.4666667
0.1321995;0.298991;-0.4238267;0.3764706;0.6941177;0.4666667
0.1321995;0.298991;-0.4238267;0.3764706;0.6941177;0.4666667
0.1272421;0.3011527;-0.4233844;0.3764706;0.6941177;0.4666667
0.1272421;0.3011527;-0.4233844;0.3764706;0.6941177;0.4666667
0.1258768;0.3017181;-0.4232928;0.3764706;0.6941177;0.4666667
0.1258768;0.3017181;-0.4232928;0.3764706;0.6941177;0.4666667
0.1204865;0.3038045;-0.4226922;0.3764706;0.6941177;0.4666667
0.1204865;0.3038045;-0.4226922;0.3764706;0.6941177;0.4666667
0.1190939;0.3043331;-0.4225703;0.3764706;0.6941177;0.4666667
0.1190939;0.3043331;-0.4225703;0.3764706;0.6941177;0.4666667
0.1140761;0.3059494;-0.4215825;0.3764706;0.6941177;0.4666667
0.1140761;0.3059494;-0.4215825;0.3764706;0.6941177;0.4666667
0.1115782;0.3067427;-0.4212561;0.3764706;0.6941177;0.4666667
0.1115782;0.3067427;-0.4212561;0.3764706;0.6941177;0.4666667
0.1077227;0.3077922;-0.420433;0.3764706;0.6941177;0.4666667
0.1077227;0.3077922;-0.420433;0.3764706;0.6941177;0.4666667
0.1048491;0.3083991;-0.4197966;0.3764706;0.6941177;0.4666667
0.1048491;0.3083991;-0.4197966;0.3764706;0.6941177;0.4666667
0.09980361;0.3105298;-0.4202766;0.3764706;0.6941177;0.4666667
0.09980361;0.3105298;-0.4202766;0.3764706;0.6941177;0.4666667
0.09830241;0.3108014;-0.4199978;0.3764706;0.6941177;0.4666667
0.09830241;0.3108014;-0.4199978;0.3764706;0.6941177;0.4666667
0.09198223;0.3119149;-0.4187151;0.3764706;0.6941177;0.4666667
0.09198223;0.3119149;-0.4187151;0.3764706;0.6941177;0.4666667
0.09036824;0.312225;-0.4184879;0.3764706;0.6941177;0.4666667
0.09036824;0.312225;-0.4184879;0.3764706;0.6941177;0.4666667
0.08449707;0.313163;-0.4174601;0.3764706;0.6941177;0.4666667
0.08449707;0.313163;-0.4174601;0.3764706;0.6941177;0.4666667
0.07696038;0.3141471;-0.4162891;0.3764706;0.6941177;0.4666667
0.07696038;0.3141471;-0.4162891;0.3764706;0.6941177;0.4666667
0.07367526;0.3145476;-0.4159245;0.3764706;0.6941177;0.4666667
0.07367526;0.3145476;-0.4159245;0.3764706;0.6941177;0.4666667
0.06709232;0.3151374;-0.4150229;0.3764706;0.6941177;0.4666667
0.06709232;0.3151374;-0.4150229;0.3764706;0.6941177;0.4666667
0.06526186;0.3150809;-0.4143267;0.3764706;0.6941177;0.4666667
0.06526186;0.3150809;-0.4143267;0.3764706;0.6941177;0.4666667
0.05830061;0.3159404;-0.4135334;0.3764706;0.6941177;0.4666667
0.05830061;0.3159404;-0.4135334;0.3764706;0.6941177;0.4666667
0.0570545;0.3161637;-0.4135251;0.3764706;0.6941177;0.4666667
0.0570545;0.3161637;-0.4135251;0.3764706;0.6941177;0.4666667
0.05152711;0.3168633;-0.4127146;0.3764706;0.6941177;0.4666667
0.05152711;0.3168633;-0.4127146;0.3764706;0.6941177;0.4666667
0.04875939;0.3173315;-0.4126792;0.3764706;0.6941177;0.4666667
0.04875939;0.3173315;-0.4126792;0.3764706;0.6941177;0.4666667
0.04455035;0.3179618;-0.4124511;0.3764706;0.6941177;0.4666667
0.04455035;0.3179618;-0.4124511;0.3764706;0.6941177;0.4666667
0.04161538;0.3189093;-0.413291;0.3764706;0.6941177;0.4666667
0.04161538;0.3189093;-0.413291;0.3764706;0.6941177;0.4666667
0.03575442;0.3196858;-0.4132246;0.3764706;0.6941177;0.4666667
0.03575442;0.3196858;-0.4132246;0.3764706;0.6941177;0.4666667
0.03415621;0.3197172;-0.4126937;0.3764706;0.6941177;0.4666667
0.03415621;0.3197172;-0.4126937;0.3764706;0.6941177;0.4666667
0.02951593;0.3200558;-0.4123195;0.3764706;0.6941177;0.4666667
0.02951593;0.3200558;-0.4123195;0.3764706;0.6941177;0.4666667
0.02715511;0.3201998;-0.41223;0.3764706;0.6941177;0.4666667
0.02715511;0.3201998;-0.41223;0.3764706;0.6941177;0.4666667
0.01701818;0.3193628;-0.4106113;0.3764706;0.6941177;0.4666667
0.01701818;0.3193628;-0.4106113;0.3764706;0.6941177;0.4666667
0.01463797;0.3188345;-0.4102838;0.3764706;0.6941177;0.4666667
0.01463797;0.3188345;-0.4102838;0.3764706;0.6941177;0.4666667
0.01026567;0.3178059;-0.4099511;0.3764706;0.6941177;0.4666667
0.01026567;0.3178059;-0.4099511;0.3764706;0.6941177;0.4666667
0.009023842;0.3172329;-0.4092816;0.3764706;0.6941177;0.4666667
0.009023842;0.3172329;-0.4092816;0.3764706;0.6941177;0.4666667
0.004804571;0.315622;-0.4085746;0.3764706;0.6941177;0.4666667
0.004804571;0.315622;-0.4085746;0.3764706;0.6941177;0.4666667
0.003870355;0.3151779;-0.4084486;0.3764706;0.6941177;0.4666667
0.003870355;0.3151779;-0.4084486;0.3764706;0.6941177;0.4666667
0.0009341431;0.3131555;-0.4072732;0.3764706;0.6941177;0.4666667
0.0009341431;0.3131555;-0.4072732;0.3764706;0.6941177;0.4666667
-0.000473592;0.3122246;-0.4071515;0.3764706;0.6941177;0.4666667
-0.000473592;0.3122246;-0.4071515;0.3764706;0.6941177;0.4666667
-0.004399842;0.3088922;-0.4056295;0.3764706;0.6941177;0.4666667
-0.004399842;0.3088922;-0.4056295;0.3764706;0.6941177;0.4666667
-0.007422984;0.3060335;-0.4047717;0.3764706;0.6941177;0.4666667
-0.007422984;0.3060335;-0.4047717;0.3764706;0.6941177;0.4666667
-0.01013777;0.302886;-0.4043651;0.3764706;0.6941177;0.4666667
-0.01013777;0.302886;-0.4043651;0.3764706;0.6941177;0.4666667
-0.01102277;0.3010844;-0.4065647;0.3764706;0.6941177;0.4666667
-0.01102277;0.3010844;-0.4065647;0.3764706;0.6941177;0.4666667
-0.01318948;0.2969528;-0.4063666;0.3764706;0.6941177;0.4666667
-0.01318948;0.2969528;-0.4063666;0.3764706;0.6941177;0.4666667
-0.01376995;0.2935445;-0.4061917;0.3764706;0.6941177;0.4666667
-0.01376995;0.2935445;-0.4061917;0.3764706;0.6941177;0.4666667
-0.01336026;0.290558;-0.4064796;0.3764706;0.6941177;0.4666667
-0.01336026;0.290558;-0.4064796;0.3764706;0.6941177;0.4666667
-0.01233029;0.2875608;-0.4065278;0.3764706;0.6941177;0.4666667
-0.01233029;0.2875608;-0.4065278;0.3764706;0.6941177;0.4666667
-0.009343479;0.2841475;-0.4071981;0.3764706;0.6941177;0.4666667
-0.009343479;0.2841475;-0.4071981;0.3764706;0.6941177;0.4666667
-0.006255598;0.2819102;-0.4078637;0.3764706;0.6941177;0.4666667
-0.006255598;0.2819102;-0.4078637;0.3764706;0.6941177;0.4666667
-0.001972504;0.2813992;-0.4106412;0.3764706;0.6941177;0.4666667
-0.001972504;0.2813992;-0.4106412;0.3764706;0.6941177;0.4666667
0.0022552;0.2794476;-0.4113382;0.3764706;0.6941177;0.4666667
0.0022552;0.2794476;-0.4113382;0.3764706;0.6941177;0.4666667
0.003233062;0.279067;-0.4115329;0.3764706;0.6941177;0.4666667
0.003233062;0.279067;-0.4115329;0.3764706;0.6941177;0.4666667
0.006322442;0.2777864;-0.4120555;0.3764706;0.6941177;0.4666667
0.006322442;0.2777864;-0.4120555;0.3764706;0.6941177;0.4666667
0.008105544;0.2771426;-0.4123478;0.3764706;0.6941177;0.4666667
0.008105544;0.2771426;-0.4123478;0.3764706;0.6941177;0.4666667
0.01285787;0.2753524;-0.4129466;0.3764706;0.6941177;0.4666667
0.01285787;0.2753524;-0.4129466;0.3764706;0.6941177;0.4666667
0.01658841;0.2739822;-0.4136456;0.3764706;0.6941177;0.4666667
0.01658841;0.2739822;-0.4136456;0.3764706;0.6941177;0.4666667
0.01752577;0.2736478;-0.41382;0.3764706;0.6941177;0.4666667
0.01752577;0.2736478;-0.41382;0.3764706;0.6941177;0.4666667
0.02064203;0.2721401;-0.4141039;0.3764706;0.6941177;0.4666667
0.02064203;0.2721401;-0.4141039;0.3764706;0.6941177;0.4666667
0.02172301;0.271704;-0.4142705;0.3764706;0.6941177;0.4666667
0.02172301;0.271704;-0.4142705;0.3764706;0.6941177;0.4666667
0.02444401;0.2705195;-0.4145259;0.3764706;0.6941177;0.4666667
0.02444401;0.2705195;-0.4145259;0.3764706;0.6941177;0.4666667
0.02590794;0.2699348;-0.4147103;0.3764706;0.6941177;0.4666667
0.02590794;0.2699348;-0.4147103;0.3764706;0.6941177;0.4666667
0.0299417;0.2683267;-0.4151831;0.3764706;0.6941177;0.4666667
0.0299417;0.2683267;-0.4151831;0.3764706;0.6941177;0.4666667
0.03439876;0.2665695;-0.4158832;0.3764706;0.6941177;0.4666667
0.03439876;0.2665695;-0.4158832;0.3764706;0.6941177;0.4666667
0.03552807;0.2659152;-0.4158713;0.3764706;0.6941177;0.4666667
0.03552807;0.2659152;-0.4158713;0.3764706;0.6941177;0.4666667
0.03363115;0.2656574;-0.4154452;0.3764706;0.6941177;0.4666667
0.03363115;0.2656574;-0.4154452;0.3764706;0.6941177;0.4666667
0.03134098;0.2659942;-0.4153239;0.3764706;0.6941177;0.4666667
0.03134098;0.2659942;-0.4153239;0.3764706;0.6941177;0.4666667
0.03033211;0.2661809;-0.4152789;0.3764706;0.6941177;0.4666667
0.03033211;0.2661809;-0.4152789;0.3764706;0.6941177;0.4666667
0.02786146;0.2665588;-0.4150735;0.3764706;0.6941177;0.4666667
0.02786146;0.2665588;-0.4150735;0.3764706;0.6941177;0.4666667
0.02591575;0.2667888;-0.4149077;0.3764706;0.6941177;0.4666667
0.02591575;0.2667888;-0.4149077;0.3764706;0.6941177;0.4666667
0.02159183;0.2672648;-0.4145107;0.3764706;0.6941177;0.4666667
0.02159183;0.2672648;-0.4145107;0.3764706;0.6941177;0.4666667
0.02041593;0.2673686;-0.4143903;0.3764706;0.6941177;0.4666667
0.02041593;0.2673686;-0.4143903;0.3764706;0.6941177;0.4666667
0.01555272;0.2678123;-0.4138851;0.3764706;0.6941177;0.4666667
0.01555272;0.2678123;-0.4138851;0.3764706;0.6941177;0.4666667
0.01428367;0.2679242;-0.4137746;0.3764706;0.6941177;0.4666667
0.01428367;0.2679242;-0.4137746;0.3764706;0.6941177;0.4666667
0.00982488;0.2683027;-0.4134346;0.3764706;0.6941177;0.4666667
0.00982488;0.2683027;-0.4134346;0.3764706;0.6941177;0.4666667
0.007836311;0.2684669;-0.4133031;0.3764706;0.6941177;0.4666667
0.007836311;0.2684669;-0.4133031;0.3764706;0.6941177;0.4666667
0.003794441;0.2688055;-0.4130545;0.3764706;0.6941177;0.4666667
0.003794441;0.2688055;-0.4130545;0.3764706;0.6941177;0.4666667
0.0009546406;0.268897;-0.4127797;0.3764706;0.6941177;0.4666667
0.0009546406;0.268897;-0.4127797;0.3764706;0.6941177;0.4666667
-0.004229167;0.2692231;-0.4126902;0.3764706;0.6941177;0.4666667
-0.004229167;0.2692231;-0.4126902;0.3764706;0.6941177;0.4666667
-0.005852987;0.2692417;-0.4126356;0.3764706;0.6941177;0.4666667
-0.005852987;0.2692417;-0.4126356;0.3764706;0.6941177;0.4666667
-0.01023537;0.2692178;-0.4124798;0.3764706;0.6941177;0.4666667
-0.01023537;0.2692178;-0.4124798;0.3764706;0.6941177;0.4666667
-0.0113653;0.2691579;-0.4124675;0.3764706;0.6941177;0.4666667
-0.0113653;0.2691579;-0.4124675;0.3764706;0.6941177;0.4666667
-0.01508687;0.2686892;-0.4122022;0.3764706;0.6941177;0.4666667
-0.01508687;0.2686892;-0.4122022;0.3764706;0.6941177;0.4666667
-0.01659956;0.2684706;-0.4122064;0.3764706;0.6941177;0.4666667
-0.01659956;0.2684706;-0.4122064;0.3764706;0.6941177;0.4666667
-0.01944378;0.2677382;-0.4120671;0.3764706;0.6941177;0.4666667
-0.01944378;0.2677382;-0.4120671;0.3764706;0.6941177;0.4666667
-0.02128324;0.2672046;-0.4119052;0.3764706;0.6941177;0.4666667
-0.02128324;0.2672046;-0.4119052;0.3764706;0.6941177;0.4666667
-0.02457979;0.2660621;-0.4121526;0.3764706;0.6941177;0.4666667
-0.02457979;0.2660621;-0.4121526;0.3764706;0.6941177;0.4666667
-0.02550863;0.2656471;-0.4122219;0.3764706;0.6941177;0.4666667
-0.02550863;0.2656471;-0.4122219;0.3764706;0.6941177;0.4666667
-0.02606851;0.2661363;-0.4153626;0.3764706;0.6941177;0.4666667
-0.02606851;0.2661363;-0.4153626;0.3764706;0.6941177;0.4666667
-0.02710815;0.2654339;-0.41567;0.3764706;0.6941177;0.4666667
-0.02710815;0.2654339;-0.41567;0.3764706;0.6941177;0.4666667
-0.02858432;0.2638749;-0.4161237;0.3764706;0.6941177;0.4666667
-0.02858432;0.2638749;-0.4161237;0.3764706;0.6941177;0.4666667
-0.02905515;0.2629601;-0.4163452;0.3764706;0.6941177;0.4666667
-0.02905515;0.2629601;-0.4163452;0.3764706;0.6941177;0.4666667
-0.02965251;0.2600162;-0.4167541;0.3764706;0.6941177;0.4666667
-0.02965251;0.2600162;-0.4167541;0.3764706;0.6941177;0.4666667
-0.02952404;0.2574622;-0.4170649;0.3764706;0.6941177;0.4666667
-0.02952404;0.2574622;-0.4170649;0.3764706;0.6941177;0.4666667
-0.02820493;0.2545583;-0.4175384;0.3764706;0.6941177;0.4666667
-0.02820493;0.2545583;-0.4175384;0.3764706;0.6941177;0.4666667
-0.02728928;0.2532952;-0.4175813;0.3764706;0.6941177;0.4666667
-0.02728928;0.2532952;-0.4175813;0.3764706;0.6941177;0.4666667
-0.02504268;0.2511449;-0.418025;0.3764706;0.6941177;0.4666667
-0.02504268;0.2511449;-0.418025;0.3764706;0.6941177;0.4666667
-0.02358721;0.2500352;-0.4183339;0.3764706;0.6941177;0.4666667
-0.02358721;0.2500352;-0.4183339;0.3764706;0.6941177;0.4666667
-0.01888409;0.246913;-0.4190707;0.3764706;0.6941177;0.4666667
-0.01888409;0.246913;-0.4190707;0.3764706;0.6941177;0.4666667
-0.01455634;0.2448234;-0.4197887;0.3764706;0.6941177;0.4666667
-0.01455634;0.2448234;-0.4197887;0.3764706;0.6941177;0.4666667
-0.01343481;0.2443389;-0.419997;0.3764706;0.6941177;0.4666667
-0.01343481;0.2443389;-0.419997;0.3764706;0.6941177;0.4666667
-0.009677246;0.2427641;-0.4206272;0.3764706;0.6941177;0.4666667
-0.009677246;0.2427641;-0.4206272;0.3764706;0.6941177;0.4666667
-0.008161884;0.2421595;-0.4208627;0.3764706;0.6941177;0.4666667
-0.008161884;0.2421595;-0.4208627;0.3764706;0.6941177;0.4666667
-0.003353162;0.2404773;-0.4217247;0.3764706;0.6941177;0.4666667
-0.003353162;0.2404773;-0.4217247;0.3764706;0.6941177;0.4666667
-0.0008495967;0.239778;-0.422228;0.3764706;0.6941177;0.4666667
-0.0008495967;0.239778;-0.422228;0.3764706;0.6941177;0.4666667
0.0004372108;0.2394111;-0.4224352;0.3764706;0.6941177;0.4666667
0.0004372108;0.2394111;-0.4224352;0.3764706;0.6941177;0.4666667
0.004262735;0.2385045;-0.4232067;0.3764706;0.6941177;0.4666667
0.004262735;0.2385045;-0.4232067;0.3764706;0.6941177;0.4666667
0.006760065;0.2379748;-0.4237098;0.3764706;0.6941177;0.4666667
0.006760065;0.2379748;-0.4237098;0.3764706;0.6941177;0.4666667
0.008280842;0.237862;-0.4243276;0.3764706;0.6941177;0.4666667
0.008280842;0.237862;-0.4243276;0.3764706;0.6941177;0.4666667
0.008267334;0.2386389;-0.4254082;0.3764706;0.6941177;0.4666667
0.008267334;0.2386389;-0.4254082;0.3764706;0.6941177;0.4666667
0.006406882;0.23988;-0.4263272;0.3764706;0.6941177;0.4666667
0.006406882;0.23988;-0.4263272;0.3764706;0.6941177;0.4666667
0.003503305;0.24108;-0.4270021;0.3764706;0.6941177;0.4666667
0.003503305;0.24108;-0.4270021;0.3764706;0.6941177;0.4666667
-0.0006779395;0.2424485;-0.427943;0.3764706;0.6941177;0.4666667
-0.0006779395;0.2424485;-0.427943;0.3764706;0.6941177;0.4666667
-0.001695637;0.2426688;-0.4280442;0.3764706;0.6941177;0.4666667
-0.001695637;0.2426688;-0.4280442;0.3764706;0.6941177;0.4666667
-0.005718647;0.2431064;-0.4281629;0.3764706;0.6941177;0.4666667
-0.005718647;0.2431064;-0.4281629;0.3764706;0.6941177;0.4666667
-0.007522937;0.2432517;-0.428196;0.3764706;0.6941177;0.4666667
-0.007522937;0.2432517;-0.428196;0.3764706;0.6941177;0.4666667
-0.01375841;0.2434821;-0.428232;0.3764706;0.6941177;0.4666667
-0.01375841;0.2434821;-0.428232;0.3764706;0.6941177;0.4666667
-0.01923176;0.2430565;-0.4279788;0.3764706;0.6941177;0.4666667
-0.01923176;0.2430565;-0.4279788;0.3764706;0.6941177;0.4666667
-0.02049993;0.2429046;-0.4279429;0.3764706;0.6941177;0.4666667
-0.02049993;0.2429046;-0.4279429;0.3764706;0.6941177;0.4666667
-0.02539038;0.2422975;-0.4281546;0.3764706;0.6941177;0.4666667
-0.02539038;0.2422975;-0.4281546;0.3764706;0.6941177;0.4666667
-0.02667255;0.2420786;-0.4281552;0.3764706;0.6941177;0.4666667
-0.02667255;0.2420786;-0.4281552;0.3764706;0.6941177;0.4666667
-0.03066218;0.2412696;-0.4281644;0.3764706;0.6941177;0.4666667
-0.03066218;0.2412696;-0.4281644;0.3764706;0.6941177;0.4666667
-0.03257003;0.2408246;-0.4283624;0.3764706;0.6941177;0.4666667
-0.03257003;0.2408246;-0.4283624;0.3764706;0.6941177;0.4666667
-0.03671221;0.2393598;-0.4285152;0.3764706;0.6941177;0.4666667
-0.03671221;0.2393598;-0.4285152;0.3764706;0.6941177;0.4666667
-0.03762796;0.2389593;-0.4286013;0.3764706;0.6941177;0.4666667
-0.03762796;0.2389593;-0.4286013;0.3764706;0.6941177;0.4666667
-0.04077168;0.2372818;-0.4291441;0.3764706;0.6941177;0.4666667
-0.04077168;0.2372818;-0.4291441;0.3764706;0.6941177;0.4666667
-0.04382542;0.2348407;-0.4295349;0.3764706;0.6941177;0.4666667
-0.04382542;0.2348407;-0.4295349;0.3764706;0.6941177;0.4666667
-0.04588006;0.2323753;-0.4302971;0.3764706;0.6941177;0.4666667
-0.04588006;0.2323753;-0.4302971;0.3764706;0.6941177;0.4666667
-0.04643836;0.2313643;-0.4306648;0.3764706;0.6941177;0.4666667
-0.04643836;0.2313643;-0.4306648;0.3764706;0.6941177;0.4666667
-0.04721141;0.2280782;-0.4317321;0.3764706;0.6941177;0.4666667
-0.04721141;0.2280782;-0.4317321;0.3764706;0.6941177;0.4666667
-0.04711127;0.2240625;-0.4322351;0.3764706;0.6941177;0.4666667
-0.04711127;0.2240625;-0.4322351;0.3764706;0.6941177;0.4666667
-0.0465799;0.2209678;-0.4325941;0.3764706;0.6941177;0.4666667
-0.0465799;0.2209678;-0.4325941;0.3764706;0.6941177;0.4666667
-0.04628386;0.2199583;-0.4327561;0.3764706;0.6941177;0.4666667
-0.04628386;0.2199583;-0.4327561;0.3764706;0.6941177;0.4666667
-0.04551653;0.2171067;-0.4327837;0.3764706;0.6941177;0.4666667
-0.04551653;0.2171067;-0.4327837;0.3764706;0.6941177;0.4666667
-0.04485059;0.2156325;-0.4329801;0.3764706;0.6941177;0.4666667
-0.04485059;0.2156325;-0.4329801;0.3764706;0.6941177;0.4666667
-0.04296611;0.2119966;-0.4333658;0.3764706;0.6941177;0.4666667
-0.04296611;0.2119966;-0.4333658;0.3764706;0.6941177;0.4666667
-0.04246812;0.2111262;-0.4334444;0.3764706;0.6941177;0.4666667
-0.04246812;0.2111262;-0.4334444;0.3764706;0.6941177;0.4666667
-0.04039501;0.2078449;-0.4337778;0.3764706;0.6941177;0.4666667
-0.04039501;0.2078449;-0.4337778;0.3764706;0.6941177;0.4666667
-0.0378548;0.2047004;-0.4346095;0.3764706;0.6941177;0.4666667
-0.0378548;0.2047004;-0.4346095;0.3764706;0.6941177;0.4666667
-0.03679982;0.2034763;-0.4348483;0.3764706;0.6941177;0.4666667
-0.03679982;0.2034763;-0.4348483;0.3764706;0.6941177;0.4666667
-0.03510806;0.2016717;-0.4351633;0.3764706;0.6941177;0.4666667
-0.03510806;0.2016717;-0.4351633;0.3764706;0.6941177;0.4666667
-0.03379907;0.2004205;-0.4354385;0.3764706;0.6941177;0.4666667
-0.03379907;0.2004205;-0.4354385;0.3764706;0.6941177;0.4666667
-0.03110013;0.1979982;-0.4359213;0.3764706;0.6941177;0.4666667
-0.03110013;0.1979982;-0.4359213;0.3764706;0.6941177;0.4666667
-0.02764169;0.1954866;-0.436873;0.3764706;0.6941177;0.4666667
-0.02764169;0.1954866;-0.436873;0.3764706;0.6941177;0.4666667
-0.02440223;0.1932827;-0.4374661;0.3764706;0.6941177;0.4666667
-0.02440223;0.1932827;-0.4374661;0.3764706;0.6941177;0.4666667
-0.02350844;0.1927659;-0.4377034;0.3764706;0.6941177;0.4666667
-0.02350844;0.1927659;-0.4377034;0.3764706;0.6941177;0.4666667
-0.01555793;0.1890625;-0.4393761;0.3764706;0.6941177;0.4666667
-0.01555793;0.1890625;-0.4393761;0.3764706;0.6941177;0.4666667
-0.01166339;0.1878771;-0.4402621;0.3764706;0.6941177;0.4666667
-0.01166339;0.1878771;-0.4402621;0.3764706;0.6941177;0.4666667
-0.01069639;0.1876236;-0.4404919;0.3764706;0.6941177;0.4666667
-0.01069639;0.1876236;-0.4404919;0.3764706;0.6941177;0.4666667
-0.007240673;0.1866925;-0.4412274;0.3764706;0.6941177;0.4666667
-0.007240673;0.1866925;-0.4412274;0.3764706;0.6941177;0.4666667
-0.005690914;0.1863411;-0.4415636;0.3764706;0.6941177;0.4666667
-0.005690914;0.1863411;-0.4415636;0.3764706;0.6941177;0.4666667
-0.0002238317;0.1851781;-0.4428775;0.3764706;0.6941177;0.4666667
-0.0002238317;0.1851781;-0.4428775;0.3764706;0.6941177;0.4666667
0.003854492;0.1845274;-0.4437962;0.3764706;0.6941177;0.4666667
0.003854492;0.1845274;-0.4437962;0.3764706;0.6941177;0.4666667
0.004835848;0.1843553;-0.4439663;0.3764706;0.6941177;0.4666667
0.004835848;0.1843553;-0.4439663;0.3764706;0.6941177;0.4666667
0.00836329;0.1838453;-0.4446199;0.3764706;0.6941177;0.4666667
0.00836329;0.1838453;-0.4446199;0.3764706;0.6941177;0.4666667
0.009915023;0.1836769;-0.4449192;0.3764706;0.6941177;0.4666667
0.009915023;0.1836769;-0.4449192;0.3764706;0.6941177;0.4666667
0.01333476;0.183336;-0.4453968;0.3764706;0.6941177;0.4666667
0.01333476;0.183336;-0.4453968;0.3764706;0.6941177;0.4666667
0.01524984;0.1832627;-0.4457642;0.3764706;0.6941177;0.4666667
0.01524984;0.1832627;-0.4457642;0.3764706;0.6941177;0.4666667
0.01963467;0.1831215;-0.446491;0.3764706;0.6941177;0.4666667
0.01963467;0.1831215;-0.446491;0.3764706;0.6941177;0.4666667
0.0207322;0.1831102;-0.4466815;0.3764706;0.6941177;0.4666667
0.0207322;0.1831102;-0.4466815;0.3764706;0.6941177;0.4666667
0.02518718;0.183103;-0.4474653;0.3764706;0.6941177;0.4666667
0.02518718;0.183103;-0.4474653;0.3764706;0.6941177;0.4666667
0.02634533;0.1831355;-0.4476821;0.3764706;0.6941177;0.4666667
0.02634533;0.1831355;-0.4476821;0.3764706;0.6941177;0.4666667
0.03024982;0.1833077;-0.4484701;0.3764706;0.6941177;0.4666667
0.03024982;0.1833077;-0.4484701;0.3764706;0.6941177;0.4666667
0.03245195;0.1833943;-0.4488899;0.3764706;0.6941177;0.4666667
0.03245195;0.1833943;-0.4488899;0.3764706;0.6941177;0.4666667
0.03680482;0.183483;-0.4496735;0.3764706;0.6941177;0.4666667
0.03680482;0.183483;-0.4496735;0.3764706;0.6941177;0.4666667
0.03922279;0.1834989;-0.4501171;0.3764706;0.6941177;0.4666667
0.03922279;0.1834989;-0.4501171;0.3764706;0.6941177;0.4666667
0.0431781;0.1834214;-0.4507737;0.3764706;0.6941177;0.4666667
0.0431781;0.1834214;-0.4507737;0.3764706;0.6941177;0.4666667
0.04646537;0.1832942;-0.4513073;0.3764706;0.6941177;0.4666667
0.04646537;0.1832942;-0.4513073;0.3764706;0.6941177;0.4666667
0.05238168;0.183006;-0.4522271;0.3764706;0.6941177;0.4666667
0.05238168;0.183006;-0.4522271;0.3764706;0.6941177;0.4666667
0.05385165;0.182942;-0.4524642;0.3764706;0.6941177;0.4666667
0.05385165;0.182942;-0.4524642;0.3764706;0.6941177;0.4666667
0.05851422;0.1827387;-0.4532017;0.3764706;0.6941177;0.4666667
0.05851422;0.1827387;-0.4532017;0.3764706;0.6941177;0.4666667
0.06099704;0.1826354;-0.4536264;0.3764706;0.6941177;0.4666667
0.06099704;0.1826354;-0.4536264;0.3764706;0.6941177;0.4666667
0.06553695;0.1824015;-0.4543399;0.3764706;0.6941177;0.4666667
0.06553695;0.1824015;-0.4543399;0.3764706;0.6941177;0.4666667
0.06693562;0.1823121;-0.4545765;0.3764706;0.6941177;0.4666667
0.06693562;0.1823121;-0.4545765;0.3764706;0.6941177;0.4666667
0.07163475;0.1818662;-0.4551853;0.3764706;0.6941177;0.4666667
0.07163475;0.1818662;-0.4551853;0.3764706;0.6941177;0.4666667
0.07434469;0.1816148;-0.4555967;0.3764706;0.6941177;0.4666667
0.07434469;0.1816148;-0.4555967;0.3764706;0.6941177;0.4666667
0.08031679;0.181159;-0.456681;0.3764706;0.6941177;0.4666667
0.08031679;0.181159;-0.456681;0.3764706;0.6941177;0.4666667
0.08598103;0.1806638;-0.4576521;0.3764706;0.6941177;0.4666667
0.08598103;0.1806638;-0.4576521;0.3764706;0.6941177;0.4666667
0.08701343;0.1805825;-0.4578477;0.3764706;0.6941177;0.4666667
0.08701343;0.1805825;-0.4578477;0.3764706;0.6941177;0.4666667
0.09258872;0.1800259;-0.458739;0.3764706;0.6941177;0.4666667
0.09258872;0.1800259;-0.458739;0.3764706;0.6941177;0.4666667
0.09361322;0.1799314;-0.458931;0.3764706;0.6941177;0.4666667
0.09361322;0.1799314;-0.458931;0.3764706;0.6941177;0.4666667
0.09811568;0.1795093;-0.4597242;0.3764706;0.6941177;0.4666667
0.09811568;0.1795093;-0.4597242;0.3764706;0.6941177;0.4666667
0.1000547;0.1793124;-0.4600472;0.3764706;0.6941177;0.4666667
0.1000547;0.1793124;-0.4600472;0.3764706;0.6941177;0.4666667
0.1067491;0.1786897;-0.4611971;0.3764706;0.6941177;0.4666667
0.1067491;0.1786897;-0.4611971;0.3764706;0.6941177;0.4666667
0.1134516;0.1779374;-0.4622067;0.3764706;0.6941177;0.4666667
0.1134516;0.1779374;-0.4622067;0.3764706;0.6941177;0.4666667
0.1189858;0.1772788;-0.4630129;0.3764706;0.6941177;0.4666667
0.1189858;0.1772788;-0.4630129;0.3764706;0.6941177;0.4666667
0.1260965;0.1763597;-0.4639175;0.3764706;0.6941177;0.4666667
0.1260965;0.1763597;-0.4639175;0.3764706;0.6941177;0.4666667
0.1375209;0.1752302;-0.4658619;0.3764706;0.6941177;0.4666667
0.1375209;0.1752302;-0.4658619;0.3764706;0.6941177;0.4666667
0.142919;0.1746135;-0.4667141;0.3764706;0.6941177;0.4666667
0.142919;0.1746135;-0.4667141;0.3764706;0.6941177;0.4666667
0.1444744;0.1744574;-0.4669967;0.3764706;0.6941177;0.4666667
0.1444744;0.1744574;-0.4669967;0.3764706;0.6941177;0.4666667
0.1482005;0.1739904;-0.4675369;0.3764706;0.6941177;0.4666667
0.1482005;0.1739904;-0.4675369;0.3764706;0.6941177;0.4666667
0.1502386;0.173852;-0.4679401;0.3764706;0.6941177;0.4666667
0.1502386;0.173852;-0.4679401;0.3764706;0.6941177;0.4666667
0.1557935;0.1732149;-0.468854;0.3764706;0.6941177;0.4666667
0.1557935;0.1732149;-0.468854;0.3764706;0.6941177;0.4666667
0.1600525;0.1726247;-0.4694427;0.3764706;0.6941177;0.4666667
0.1600525;0.1726247;-0.4694427;0.3764706;0.6941177;0.4666667
0.1610847;0.172444;-0.4695472;0.3764706;0.6941177;0.4666667
0.1610847;0.172444;-0.4695472;0.3764706;0.6941177;0.4666667
0.1661997;0.171754;-0.470215;0.3764706;0.6941177;0.4666667
0.1661997;0.171754;-0.470215;0.3764706;0.6941177;0.4666667
0.1705128;0.1712744;-0.4708583;0.3764706;0.6941177;0.4666667
0.1705128;0.1712744;-0.4708583;0.3764706;0.6941177;0.4666667
0.1716503;0.1711691;-0.4710394;0.3764706;0.6941177;0.4666667
0.1716503;0.1711691;-0.4710394;0.3764706;0.6941177;0.4666667
0.1754781;0.1707858;-0.4715868;0.3764706;0.6941177;0.4666667
0.1754781;0.1707858;-0.4715868;0.3764706;0.6941177;0.4666667
0.177531;0.1705985;-0.4718927;0.3764706;0.6941177;0.4666667
0.177531;0.1705985;-0.4718927;0.3764706;0.6941177;0.4666667
0.1821091;0.1702599;-0.4725653;0.3764706;0.6941177;0.4666667
0.1821091;0.1702599;-0.4725653;0.3764706;0.6941177;0.4666667
0.1832217;0.1701982;-0.4727176;0.3764706;0.6941177;0.4666667
0.1832217;0.1701982;-0.4727176;0.3764706;0.6941177;0.4666667
0.1870855;0.1699304;-0.4729759;0.3764706;0.6941177;0.4666667
0.1870855;0.1699304;-0.4729759;0.3764706;0.6941177;0.4666667
0.1883497;0.1699229;-0.4731128;0.3764706;0.6941177;0.4666667
0.1883497;0.1699229;-0.4731128;0.3764706;0.6941177;0.4666667
0.1934885;0.169957;-0.4734793;0.3764706;0.6941177;0.4666667
0.1934885;0.169957;-0.4734793;0.3764706;0.6941177;0.4666667
0.1972527;0.1701255;-0.4735569;0.3764706;0.6941177;0.4666667
0.1972527;0.1701255;-0.4735569;0.3764706;0.6941177;0.4666667
0.201866;0.1708768;-0.4737782;0.3764706;0.6941177;0.4666667
0.201866;0.1708768;-0.4737782;0.3764706;0.6941177;0.4666667
0.2059802;0.1719681;-0.4740106;0.3764706;0.6941177;0.4666667
0.2059802;0.1719681;-0.4740106;0.3764706;0.6941177;0.4666667
0.2073936;0.1724024;-0.4741284;0.3764706;0.6941177;0.4666667
0.2073936;0.1724024;-0.4741284;0.3764706;0.6941177;0.4666667
0.2121932;0.1742101;-0.4746617;0.3764706;0.6941177;0.4666667
0.2121932;0.1742101;-0.4746617;0.3764706;0.6941177;0.4666667
0.2157439;0.1755583;-0.4747518;0.3764706;0.6941177;0.4666667
0.2157439;0.1755583;-0.4747518;0.3764706;0.6941177;0.4666667
0.2197171;0.1774715;-0.4748291;0.3764706;0.6941177;0.4666667
0.2197171;0.1774715;-0.4748291;0.3764706;0.6941177;0.4666667
0.2224678;0.178925;-0.474079;0.3764706;0.6941177;0.4666667
0.2224678;0.178925;-0.474079;0.3764706;0.6941177;0.4666667
0.223315;0.1795991;-0.4739182;0.3764706;0.6941177;0.4666667
0.223315;0.1795991;-0.4739182;0.3764706;0.6941177;0.4666667
0.224728;0.1811348;-0.4736642;0.3764706;0.6941177;0.4666667
0.224728;0.1811348;-0.4736642;0.3764706;0.6941177;0.4666667
0.2254886;0.182262;-0.4734727;0.3764706;0.6941177;0.4666667
0.2254886;0.182262;-0.4734727;0.3764706;0.6941177;0.4666667
0.2266654;0.1845656;-0.4729724;0.3764706;0.6941177;0.4666667
0.2266654;0.1845656;-0.4729724;0.3764706;0.6941177;0.4666667
0.2278335;0.1877595;-0.4723001;0.3764706;0.6941177;0.4666667
0.2278335;0.1877595;-0.4723001;0.3764706;0.6941177;0.4666667
0.2284783;0.1904972;-0.4719375;0.3764706;0.6941177;0.4666667
0.2284783;0.1904972;-0.4719375;0.3764706;0.6941177;0.4666667
0.2287252;0.191669;-0.4717851;0.3764706;0.6941177;0.4666667
0.2287252;0.191669;-0.4717851;0.3764706;0.6941177;0.4666667
0.2290248;0.1935488;-0.4716012;0.3764706;0.6941177;0.4666667
0.2290248;0.1935488;-0.4716012;0.3764706;0.6941177;0.4666667
0.2292866;0.1951813;-0.471554;0.3764706;0.6941177;0.4666667
0.2292866;0.1951813;-0.471554;0.3764706;0.6941177;0.4666667
0.2296972;0.1980541;-0.471431;0.3764706;0.6941177;0.4666667
0.2296972;0.1980541;-0.471431;0.3764706;0.6941177;0.4666667
0.2301646;0.2018316;-0.4714649;0.3764706;0.6941177;0.4666667
0.2301646;0.2018316;-0.4714649;0.3764706;0.6941177;0.4666667
0.2307507;0.2084562;-0.4713467;0.3764706;0.6941177;0.4666667
0.2307507;0.2084562;-0.4713467;0.3764706;0.6941177;0.4666667
0.2307027;0.2101252;-0.471251;0.3764706;0.6941177;0.4666667
0.2307027;0.2101252;-0.471251;0.3764706;0.6941177;0.4666667
0.2305088;0.2133017;-0.4711806;0.3764706;0.6941177;0.4666667
0.2305088;0.2133017;-0.4711806;0.3764706;0.6941177;0.4666667
0.2300186;0.2169415;-0.4709996;0.3764706;0.6941177;0.4666667
0.2300186;0.2169415;-0.4709996;0.3764706;0.6941177;0.4666667
0.2294842;0.2202642;-0.4708374;0.3764706;0.6941177;0.4666667
0.2294842;0.2202642;-0.4708374;0.3764706;0.6941177;0.4666667
0.2292508;0.2215095;-0.4708434;0.3764706;0.6941177;0.4666667
0.2292508;0.2215095;-0.4708434;0.3764706;0.6941177;0.4666667
0.2289268;0.223718;-0.4709975;0.3764706;0.6941177;0.4666667
0.2289268;0.223718;-0.4709975;0.3764706;0.6941177;0.4666667
0.2283098;0.2279785;-0.4714807;0.3764706;0.6941177;0.4666667
0.2283098;0.2279785;-0.4714807;0.3764706;0.6941177;0.4666667
0.2276483;0.2308939;-0.4718013;0.3764706;0.6941177;0.4666667
0.2276483;0.2308939;-0.4718013;0.3764706;0.6941177;0.4666667
0.226708;0.2344972;-0.4722466;0.3764706;0.6941177;0.4666667
0.226708;0.2344972;-0.4722466;0.3764706;0.6941177;0.4666667
0.2259694;0.2375341;-0.4725115;0.3764706;0.6941177;0.4666667
0.2259694;0.2375341;-0.4725115;0.3764706;0.6941177;0.4666667
0.2257549;0.2385823;-0.4726251;0.3764706;0.6941177;0.4666667
0.2257549;0.2385823;-0.4726251;0.3764706;0.6941177;0.4666667
0.2252218;0.2420843;-0.4730905;0.3764706;0.6941177;0.4666667
0.2252218;0.2420843;-0.4730905;0.3764706;0.6941177;0.4666667
0.2250286;0.244924;-0.4734832;0.3764706;0.6941177;0.4666667
0.2250286;0.244924;-0.4734832;0.3764706;0.6941177;0.4666667
0.2250293;0.2481357;-0.4739602;0.3764706;0.6941177;0.4666667
0.2250293;0.2481357;-0.4739602;0.3764706;0.6941177;0.4666667
0.2249671;0.2521947;-0.4744345;0.3764706;0.6941177;0.4666667
0.2249671;0.2521947;-0.4744345;0.3764706;0.6941177;0.4666667
0.2249636;0.2553311;-0.474687;0.3764706;0.6941177;0.4666667
0.2249636;0.2553311;-0.474687;0.3764706;0.6941177;0.4666667
0.2251474;0.2578244;-0.4748863;0.3764706;0.6941177;0.4666667
0.2251474;0.2578244;-0.4748863;0.3764706;0.6941177;0.4666667
0.2252538;0.2603342;-0.4747901;0.3764706;0.6941177;0.4666667
0.2252538;0.2603342;-0.4747901;0.3764706;0.6941177;0.4666667
0.2255013;0.2626177;-0.4745362;0.3764706;0.6941177;0.4666667
0.2255013;0.2626177;-0.4745362;0.3764706;0.6941177;0.4666667
0.2260478;0.2661248;-0.4742939;0.3764706;0.6941177;0.4666667
0.2260478;0.2661248;-0.4742939;0.3764706;0.6941177;0.4666667
0.2261409;0.2688371;-0.4740145;0.3764706;0.6941177;0.4666667
0.2261409;0.2688371;-0.4740145;0.3764706;0.6941177;0.4666667
0.2260332;0.2716165;-0.4736148;0.3764706;0.6941177;0.4666667
0.2260332;0.2716165;-0.4736148;0.3764706;0.6941177;0.4666667
0.2261928;0.2736242;-0.473393;0.3764706;0.6941177;0.4666667
0.2261928;0.2736242;-0.473393;0.3764706;0.6941177;0.4666667
0.2264001;0.2773287;-0.4729238;0.3764706;0.6941177;0.4666667
0.2264001;0.2773287;-0.4729238;0.3764706;0.6941177;0.4666667
0.2264738;0.2800094;-0.4729197;0.3764706;0.6941177;0.4666667
0.2264738;0.2800094;-0.4729197;0.3764706;0.6941177;0.4666667
0.2269256;0.2829092;-0.4734874;0.3764706;0.6941177;0.4666667
0.2269256;0.2829092;-0.4734874;0.3764706;0.6941177;0.4666667
0.2276042;0.2858216;-0.4746979;0.3764706;0.6941177;0.4666667
0.2276042;0.2858216;-0.4746979;0.3764706;0.6941177;0.4666667
0.2271092;0.2893311;-0.4768397;0.3764706;0.6941177;0.4666667
0.2271092;0.2893311;-0.4768397;0.3764706;0.6941177;0.4666667
0.2253158;0.2929744;-0.4796008;0.3764706;0.6941177;0.4666667
0.2253158;0.2929744;-0.4796008;0.3764706;0.6941177;0.4666667
0.2247013;0.2940501;-0.4804251;0.3764706;0.6941177;0.4666667
0.2736164;0.4021136;-0.4970249;0.3764706;0.6941177;0.4666667
0.2711761;0.4012269;-0.4960289;0.3764706;0.6941177;0.4666667
0.2711761;0.4012269;-0.4960289;0.3764706;0.6941177;0.4666667
0.2650966;0.398799;-0.4938484;0.3764706;0.6941177;0.4666667
0.2650966;0.398799;-0.4938484;0.3764706;0.6941177;0.4666667
0.2640285;0.39701;-0.4926972;0.3764706;0.6941177;0.4666667
0.2640285;0.39701;-0.4926972;0.3764706;0.6941177;0.4666667
0.2620296;0.3939224;-0.4913703;0.3764706;0.6941177;0.4666667
0.2620296;0.3939224;-0.4913703;0.3764706;0.6941177;0.4666667
0.2601193;0.3898284;-0.4905214;0.3764706;0.6941177;0.4666667
0.2601193;0.3898284;-0.4905214;0.3764706;0.6941177;0.4666667
0.2583732;0.3863056;-0.4899664;0.3764706;0.6941177;0.4666667
0.2583732;0.3863056;-0.4899664;0.3764706;0.6941177;0.4666667
0.2565585;0.3834441;-0.4895488;0.3764706;0.6941177;0.4666667
0.2565585;0.3834441;-0.4895488;0.3764706;0.6941177;0.4666667
0.2537145;0.3816192;-0.4899114;0.3764706;0.6941177;0.4666667
0.2074132;0.4874963;-0.4998777;0.3764706;0.6941177;0.4666667
0.2079237;0.4863833;-0.4994019;0.3764706;0.6941177;0.4666667
0.2079237;0.4863833;-0.4994019;0.3764706;0.6941177;0.4666667
0.208836;0.4843279;-0.4990741;0.3764706;0.6941177;0.4666667
0.208836;0.4843279;-0.4990741;0.3764706;0.6941177;0.4666667
0.2093486;0.4825132;-0.4991262;0.3764706;0.6941177;0.4666667
0.2093486;0.4825132;-0.4991262;0.3764706;0.6941177;0.4666667
0.2095006;0.4814132;-0.4989315;0.3764706;0.6941177;0.4666667
0.2095006;0.4814132;-0.4989315;0.3764706;0.6941177;0.4666667
0.2098275;0.4790422;-0.4987282;0.3764706;0.6941177;0.4666667
0.2098275;0.4790422;-0.4987282;0.3764706;0.6941177;0.4666667
0.2101785;0.4759207;-0.4983215;0.3764706;0.6941177;0.4666667
0.2101785;0.4759207;-0.4983215;0.3764706;0.6941177;0.4666667
0.2110355;0.4718097;-0.4973768;0.3764706;0.6941177;0.4666667
0.2110355;0.4718097;-0.4973768;0.3764706;0.6941177;0.4666667
0.2120028;0.4673055;-0.4964069;0.3764706;0.6941177;0.4666667
0.2120028;0.4673055;-0.4964069;0.3764706;0.6941177;0.4666667
0.2126437;0.4641799;-0.4962732;0.3764706;0.6941177;0.4666667
0.2126437;0.4641799;-0.4962732;0.3764706;0.6941177;0.4666667
0.2129692;0.4620194;-0.4963372;0.3764706;0.6941177;0.4666667
0.2129692;0.4620194;-0.4963372;0.3764706;0.6941177;0.4666667
0.2129314;0.4605661;-0.4967095;0.3764706;0.6941177;0.4666667
0.2129314;0.4605661;-0.4967095;0.3764706;0.6941177;0.4666667
0.2121924;0.4605812;-0.497632;0.3764706;0.6941177;0.4666667
0.2121924;0.4605812;-0.497632;0.3764706;0.6941177;0.4666667
0.2102127;0.462436;-0.4995167;0.3764706;0.6941177;0.4666667
0.1110566;0.4465322;-0.4881152;0.3764706;0.6941177;0.4666667
0.113423;0.4453073;-0.4872912;0.3764706;0.6941177;0.4666667
0.113423;0.4453073;-0.4872912;0.3764706;0.6941177;0.4666667
0.1157999;0.4441353;-0.4866019;0.3764706;0.6941177;0.4666667
0.1157999;0.4441353;-0.4866019;0.3764706;0.6941177;0.4666667
0.1190168;0.4426835;-0.4857734;0.3764706;0.6941177;0.4666667
0.1190168;0.4426835;-0.4857734;0.3764706;0.6941177;0.4666667
0.1204082;0.44213;-0.4854584;0.3764706;0.6941177;0.4666667
0.1204082;0.44213;-0.4854584;0.3764706;0.6941177;0.4666667
0.1251381;0.4399314;-0.4844018;0.3764706;0.6941177;0.4666667
0.1251381;0.4399314;-0.4844018;0.3764706;0.6941177;0.4666667
0.1283319;0.438135;-0.4835796;0.3764706;0.6941177;0.4666667
0.1283319;0.438135;-0.4835796;0.3764706;0.6941177;0.4666667
0.1312438;0.4369652;-0.4837315;0.3764706;0.6941177;0.4666667
0.1312438;0.4369652;-0.4837315;0.3764706;0.6941177;0.4666667
0.1328863;0.4362919;-0.4841509;0.3764706;0.6941177;0.4666667
0.1328863;0.4362919;-0.4841509;0.3764706;0.6941177;0.4666667
0.1352953;0.434038;-0.4841586;0.3764706;0.6941177;0.4666667
0.1352953;0.434038;-0.4841586;0.3764706;0.6941177;0.4666667
0.1376131;0.4317993;-0.4837605;0.3764706;0.6941177;0.4666667
0.1376131;0.4317993;-0.4837605;0.3764706;0.6941177;0.4666667
0.1411371;0.4288189;-0.483368;0.3764706;0.6941177;0.4666667
0.1411371;0.4288189;-0.483368;0.3764706;0.6941177;0.4666667
0.1424244;0.4276985;-0.4832373;0.3764706;0.6941177;0.4666667
0.1424244;0.4276985;-0.4832373;0.3764706;0.6941177;0.4666667
0.1452356;0.4252711;-0.4830313;0.3764706;0.6941177;0.4666667
0.1452356;0.4252711;-0.4830313;0.3764706;0.6941177;0.4666667
0.1466092;0.4240345;-0.4830086;0.3764706;0.6941177;0.4666667
0.1466092;0.4240345;-0.4830086;0.3764706;0.6941177;0.4666667
0.148495;0.4220301;-0.4830568;0.3764706;0.6941177;0.4666667
0.148495;0.4220301;-0.4830568;0.3764706;0.6941177;0.4666667
0.1491484;0.4211157;-0.4831016;0.3764706;0.6941177;0.4666667
0.1491484;0.4211157;-0.4831016;0.3764706;0.6941177;0.4666667
0.1489905;0.4199036;-0.4834111;0.3764706;0.6941177;0.4666667
0.1489905;0.4199036;-0.4834111;0.3764706;0.6941177;0.4666667
0.1465483;0.4197575;-0.4840933;0.3764706;0.6941177;0.4666667
0.1465483;0.4197575;-0.4840933;0.3764706;0.6941177;0.4666667
0.1452337;0.420002;-0.4846377;0.3764706;0.6941177;0.4666667
0.1452337;0.420002;-0.4846377;0.3764706;0.6941177;0.4666667
0.1426996;0.4208654;-0.4860789;0.3764706;0.6941177;0.4666667
0.1426996;0.4208654;-0.4860789;0.3764706;0.6941177;0.4666667
0.1414883;0.4215224;-0.4871505;0.3764706;0.6941177;0.4666667
