0.1979858;0.2243328;-0.38094;0.7921569;0.1921569;0.2588235
0.1985722;0.2230392;-0.3835599;0.7921569;0.1921569;0.2588235
0.1985722;0.2230392;-0.3835599;0.7921569;0.1921569;0.2588235
0.1991861;0.2211516;-0.3838592;0.7921569;0.1921569;0.2588235
0.1991861;0.2211516;-0.3838592;0.7921569;0.1921569;0.2588235
0.1979537;0.2156171;-0.3858979;0.7921569;0.1921569;0.2588235
0.1979537;0.2156171;-0.3858979;0.7921569;0.1921569;0.2588235
0.1971971;0.2115614;-0.3859956;0.7921569;0.1921569;0.2588235
0.1971971;0.2115614;-0.3859956;0.7921569;0.1921569;0.2588235
0.1970479;0.2095851;-0.3864081;0.7921569;0.1921569;0.2588235
0.1970479;0.2095851;-0.3864081;0.7921569;0.1921569;0.2588235
0.1974242;0.2053225;-0.3875164;0.7921569;0.1921569;0.2588235
0.1974242;0.2053225;-0.3875164;0.7921569;0.1921569;0.2588235
0.1987863;0.1984811;-0.3883086;0.7921569;0.1921569;0.2588235
0.1987863;0.1984811;-0.3883086;0.7921569;0.1921569;0.2588235
0.1990008;0.1971866;-0.388694;0.7921569;0.1921569;0.2588235
0.1990008;0.1971866;-0.388694;0.7921569;0.1921569;0.2588235
0.1991614;0.1930736;-0.3903968;0.7921569;0.1921569;0.2588235
0.1991614;0.1930736;-0.3903968;0.7921569;0.1921569;0.2588235
0.1992978;0.1920261;-0.3907176;0.7921569;0.1921569;0.2588235
0.1992978;0.1920261;-0.3907176;0.7921569;0.1921569;0.2588235
0.1995191;0.1861931;-0.3914355;0.7921569;0.1921569;0.2588235
0.1995191;0.1861931;-0.3914355;0.7921569;0.1921569;0.2588235
0.199631;0.1846811;-0.3917785;0.7921569;0.1921569;0.2588235
0.199631;0.1846811;-0.3917785;0.7921569;0.1921569;0.2588235
0.2008024;0.1771846;-0.3937955;0.7921569;0.1921569;0.2588235
0.2008024;0.1771846;-0.3937955;0.7921569;0.1921569;0.2588235
0.2016904;0.1694253;-0.3957496;0.7921569;0.1921569;0.2588235
0.2016904;0.1694253;-0.3957496;0.7921569;0.1921569;0.2588235
0.2027259;0.1625779;-0.3971153;0.7921569;0.1921569;0.2588235
0.2027259;0.1625779;-0.3971153;0.7921569;0.1921569;0.2588235
0.2029922;0.1609526;-0.3975737;0.7921569;0.1921569;0.2588235
0.2029922;0.1609526;-0.3975737;0.7921569;0.1921569;0.2588235
0.2043335;0.1545067;-0.3977923;0.7921569;0.1921569;0.2588235
0.2043335;0.1545067;-0.3977923;0.7921569;0.1921569;0.2588235
0.2048666;0.1524688;-0.3983737;0.7921569;0.1921569;0.2588235
0.2048666;0.1524688;-0.3983737;0.7921569;0.1921569;0.2588235
0.2064868;0.1458519;-0.3993868;0.7921569;0.1921569;0.2588235
0.2064868;0.1458519;-0.3993868;0.7921569;0.1921569;0.2588235
0.206753;0.143995;-0.4002131;0.7921569;0.1921569;0.2588235
0.206753;0.143995;-0.4002131;0.7921569;0.1921569;0.2588235
0.2075047;0.1368676;-0.4034275;0.7921569;0.1921569;0.2588235
0.2075047;0.1368676;-0.4034275;0.7921569;0.1921569;0.2588235
0.2080521;0.1305407;-0.4048561;0.7921569;0.1921569;0.2588235
0.2080521;0.1305407;-0.4048561;0.7921569;0.1921569;0.2588235
0.2081582;0.1294915;-0.4051685;0.7921569;0.1921569;0.2588235
0.2081582;0.1294915;-0.4051685;0.7921569;0.1921569;0.2588235
0.2083629;0.1234661;-0.4057293;0.7921569;0.1921569;0.2588235
0.2083629;0.1234661;-0.4057293;0.7921569;0.1921569;0.2588235
0.2083502;0.1221448;-0.4060431;0.7921569;0.1921569;0.2588235
0.2083502;0.1221448;-0.4060431;0.7921569;0.1921569;0.2588235
0.2078127;0.1150008;-0.4063618;0.7921569;0.1921569;0.2588235
0.2078127;0.1150008;-0.4063618;0.7921569;0.1921569;0.2588235
0.2068473;0.110465;-0.4071257;0.7921569;0.1921569;0.2588235
0.2068473;0.110465;-0.4071257;0.7921569;0.1921569;0.2588235
0.2065453;0.1092885;-0.4071519;0.7921569;0.1921569;0.2588235
0.2065453;0.1092885;-0.4071519;0.7921569;0.1921569;0.2588235
0.2052026;0.1044554;-0.4067802;0.7921569;0.1921569;0.2588235
0.2052026;0.1044554;-0.4067802;0.7921569;0.1921569;0.2588235
0.2033788;0.09897134;-0.4065609;0.7921569;0.1921569;0.2588235
0.2033788;0.09897134;-0.4065609;0.7921569;0.1921569;0.2588235
0.2017013;0.09475693;-0.4066613;0.7921569;0.1921569;0.2588235
0.2017013;0.09475693;-0.4066613;0.7921569;0.1921569;0.2588235
0.2011562;0.09332689;-0.4065973;0.7921569;0.1921569;0.2588235
0.2011562;0.09332689;-0.4065973;0.7921569;0.1921569;0.2588235
0.199764;0.08963985;-0.406894;0.7921569;0.1921569;0.2588235
0.199764;0.08963985;-0.406894;0.7921569;0.1921569;0.2588235
0.1985329;0.08643793;-0.4072684;0.7921569;0.1921569;0.2588235
0.1985329;0.08643793;-0.4072684;0.7921569;0.1921569;0.2588235
0.1972067;0.08366907;-0.4075507;0.7921569;0.1921569;0.2588235
0.1972067;0.08366907;-0.4075507;0.7921569;0.1921569;0.2588235
0.1963595;0.08286616;-0.4101056;0.7921569;0.1921569;0.2588235
0.1963595;0.08286616;-0.4101056;0.7921569;0.1921569;0.2588235
0.1943957;0.08108751;-0.4109108;0.7921569;0.1921569;0.2588235
0.1943957;0.08108751;-0.4109108;0.7921569;0.1921569;0.2588235
0.192178;0.0800495;-0.4113389;0.7921569;0.1921569;0.2588235
0.192178;0.0800495;-0.4113389;0.7921569;0.1921569;0.2588235
0.188711;0.07827472;-0.4110483;0.7921569;0.1921569;0.2588235
0.188711;0.07827472;-0.4110483;0.7921569;0.1921569;0.2588235
0.1861292;0.07719691;-0.4104933;0.7921569;0.1921569;0.2588235
0.1861292;0.07719691;-0.4104933;0.7921569;0.1921569;0.2588235
0.1839564;0.0765591;-0.4096942;0.7921569;0.1921569;0.2588235
0.1839564;0.0765591;-0.4096942;0.7921569;0.1921569;0.2588235
0.1825566;0.07618675;-0.4089206;0.7921569;0.1921569;0.2588235
0.1825566;0.07618675;-0.4089206;0.7921569;0.1921569;0.2588235
0.1812041;0.07639619;-0.4087059;0.7921569;0.1921569;0.2588235
0.1812041;0.07639619;-0.4087059;0.7921569;0.1921569;0.2588235
0.1789487;0.07745863;-0.4085253;0.7921569;0.1921569;0.2588235
0.1789487;0.07745863;-0.4085253;0.7921569;0.1921569;0.2588235
0.1757561;0.07973007;-0.4071664;0.7921569;0.1921569;0.2588235
0.1757561;0.07973007;-0.4071664;0.7921569;0.1921569;0.2588235
0.1739687;0.08153931;-0.4059088;0.7921569;0.1921569;0.2588235
0.1739687;0.08153931;-0.4059088;0.7921569;0.1921569;0.2588235
0.1718341;0.08402969;-0.4042532;0.7921569;0.1921569;0.2588235
0.1718341;0.08402969;-0.4042532;0.7921569;0.1921569;0.2588235
0.1711232;0.08517172;-0.4039809;0.7921569;0.1921569;0.2588235
0.1711232;0.08517172;-0.4039809;0.7921569;0.1921569;0.2588235
0.1687105;0.08879878;-0.4042162;0.7921569;0.1921569;0.2588235
0.1687105;0.08879878;-0.4042162;0.7921569;0.1921569;0.2588235
0.1679191;0.09030569;-0.4039527;0.7921569;0.1921569;0.2588235
0.1679191;0.09030569;-0.4039527;0.7921569;0.1921569;0.2588235
0.1660104;0.09398217;-0.4031988;0.7921569;0.1921569;0.2588235
0.1660104;0.09398217;-0.4031988;0.7921569;0.1921569;0.2588235
0.1656007;0.09499738;-0.4030749;0.7921569;0.1921569;0.2588235
0.1656007;0.09499738;-0.4030749;0.7921569;0.1921569;0.2588235
0.1643966;0.09908427;-0.4023037;0.7921569;0.1921569;0.2588235
0.1643966;0.09908427;-0.4023037;0.7921569;0.1921569;0.2588235
0.1634526;0.1034448;-0.4018039;0.7921569;0.1921569;0.2588235
0.1634526;0.1034448;-0.4018039;0.7921569;0.1921569;0.2588235
0.1631062;0.1054534;-0.4017906;0.7921569;0.1921569;0.2588235
0.1631062;0.1054534;-0.4017906;0.7921569;0.1921569;0.2588235
0.1628379;0.10833;-0.4009513;0.7921569;0.1921569;0.2588235
0.1628379;0.10833;-0.4009513;0.7921569;0.1921569;0.2588235
0.1625877;0.1106326;-0.4009427;0.7921569;0.1921569;0.2588235
0.1625877;0.1106326;-0.4009427;0.7921569;0.1921569;0.2588235
0.1617834;0.1157143;-0.4013728;0.7921569;0.1921569;0.2588235
0.1617834;0.1157143;-0.4013728;0.7921569;0.1921569;0.2588235
0.1615971;0.1169126;-0.4014165;0.7921569;0.1921569;0.2588235
0.1615971;0.1169126;-0.4014165;0.7921569;0.1921569;0.2588235
0.1611577;0.1217579;-0.4012356;0.7921569;0.1921569;0.2588235
0.1611577;0.1217579;-0.4012356;0.7921569;0.1921569;0.2588235
0.161088;0.1229725;-0.4012598;0.7921569;0.1921569;0.2588235
0.161088;0.1229725;-0.4012598;0.7921569;0.1921569;0.2588235
0.1607185;0.1269388;-0.4008511;0.7921569;0.1921569;0.2588235
0.1607185;0.1269388;-0.4008511;0.7921569;0.1921569;0.2588235
0.1603902;0.1320754;-0.4000401;0.7921569;0.1921569;0.2588235
0.1603902;0.1320754;-0.4000401;0.7921569;0.1921569;0.2588235
0.1603471;0.1341403;-0.3999932;0.7921569;0.1921569;0.2588235
0.1603471;0.1341403;-0.3999932;0.7921569;0.1921569;0.2588235
0.1601129;0.1383342;-0.3990309;0.7921569;0.1921569;0.2588235
0.1601129;0.1383342;-0.3990309;0.7921569;0.1921569;0.2588235
0.1599964;0.1392145;-0.3985045;0.7921569;0.1921569;0.2588235
0.1599964;0.1392145;-0.3985045;0.7921569;0.1921569;0.2588235
0.1595173;0.1434916;-0.3975712;0.7921569;0.1921569;0.2588235
0.1595173;0.1434916;-0.3975712;0.7921569;0.1921569;0.2588235
0.1594071;0.1446099;-0.3974285;0.7921569;0.1921569;0.2588235
0.1594071;0.1446099;-0.3974285;0.7921569;0.1921569;0.2588235
0.1590288;0.1480443;-0.3964289;0.7921569;0.1921569;0.2588235
0.1590288;0.1480443;-0.3964289;0.7921569;0.1921569;0.2588235
0.1588259;0.1496344;-0.3961632;0.7921569;0.1921569;0.2588235
0.1588259;0.1496344;-0.3961632;0.7921569;0.1921569;0.2588235
0.1588219;0.1532377;-0.3963789;0.7921569;0.1921569;0.2588235
0.1588219;0.1532377;-0.3963789;0.7921569;0.1921569;0.2588235
0.1586589;0.1550366;-0.3961582;0.7921569;0.1921569;0.2588235
0.1586589;0.1550366;-0.3961582;0.7921569;0.1921569;0.2588235
0.1581543;0.1592825;-0.395559;0.7921569;0.1921569;0.2588235
0.1581543;0.1592825;-0.395559;0.7921569;0.1921569;0.2588235
0.158034;0.1637809;-0.3948048;0.7921569;0.1921569;0.2588235
0.158034;0.1637809;-0.3948048;0.7921569;0.1921569;0.2588235
0.15784;0.1671848;-0.3942846;0.7921569;0.1921569;0.2588235
0.15784;0.1671848;-0.3942846;0.7921569;0.1921569;0.2588235
0.1574568;0.170104;-0.3931274;0.7921569;0.1921569;0.2588235
0.1574568;0.170104;-0.3931274;0.7921569;0.1921569;0.2588235
0.1569351;0.1763975;-0.3908583;0.7921569;0.1921569;0.2588235
0.1569351;0.1763975;-0.3908583;0.7921569;0.1921569;0.2588235
0.1566507;0.1786636;-0.3901781;0.7921569;0.1921569;0.2588235
0.1566507;0.1786636;-0.3901781;0.7921569;0.1921569;0.2588235
0.1566413;0.1807675;-0.3892399;0.7921569;0.1921569;0.2588235
0.1566413;0.1807675;-0.3892399;0.7921569;0.1921569;0.2588235
0.1568942;0.1842189;-0.3883301;0.7921569;0.1921569;0.2588235
0.1568942;0.1842189;-0.3883301;0.7921569;0.1921569;0.2588235
0.1572959;0.1871696;-0.3879641;0.7921569;0.1921569;0.2588235
0.1572959;0.1871696;-0.3879641;0.7921569;0.1921569;0.2588235
0.157845;0.1897292;-0.3877567;0.7921569;0.1921569;0.2588235
0.157845;0.1897292;-0.3877567;0.7921569;0.1921569;0.2588235
0.1584479;0.1921551;-0.387435;0.7921569;0.1921569;0.2588235
0.1584479;0.1921551;-0.387435;0.7921569;0.1921569;0.2588235
0.1596719;0.1971855;-0.3896627;0.7921569;0.1921569;0.2588235
0.1596719;0.1971855;-0.3896627;0.7921569;0.1921569;0.2588235
0.1599396;0.1987403;-0.3897048;0.7921569;0.1921569;0.2588235
0.1599396;0.1987403;-0.3897048;0.7921569;0.1921569;0.2588235
0.1603141;0.2015696;-0.3895535;0.7921569;0.1921569;0.2588235
0.1603141;0.2015696;-0.3895535;0.7921569;0.1921569;0.2588235
0.1607652;0.2033611;-0.3892455;0.7921569;0.1921569;0.2588235
0.1607652;0.2033611;-0.3892455;0.7921569;0.1921569;0.2588235
0.1611259;0.2055374;-0.3890299;0.7921569;0.1921569;0.2588235
0.1611259;0.2055374;-0.3890299;0.7921569;0.1921569;0.2588235
0.160888;0.206344;-0.3883107;0.7921569;0.1921569;0.2588235
0.160888;0.206344;-0.3883107;0.7921569;0.1921569;0.2588235
0.1600438;0.2070527;-0.3872881;0.7921569;0.1921569;0.2588235
0.1600438;0.2070527;-0.3872881;0.7921569;0.1921569;0.2588235
0.1586367;0.2072278;-0.3859459;0.7921569;0.1921569;0.2588235
0.1586367;0.2072278;-0.3859459;0.7921569;0.1921569;0.2588235
0.1561007;0.2071426;-0.3841143;0.7921569;0.1921569;0.2588235
0.1561007;0.2071426;-0.3841143;0.7921569;0.1921569;0.2588235
0.1526865;0.2070128;-0.3820639;0.7921569;0.1921569;0.2588235
0.1526865;0.2070128;-0.3820639;0.7921569;0.1921569;0.2588235
0.1488015;0.2070287;-0.3801532;0.7921569;0.1921569;0.2588235
0.1488015;0.2070287;-0.3801532;0.7921569;0.1921569;0.2588235
0.1451657;0.2070087;-0.3784698;0.7921569;0.1921569;0.2588235
0.1451657;0.2070087;-0.3784698;0.7921569;0.1921569;0.2588235
0.1435538;0.2070757;-0.3778479;0.7921569;0.1921569;0.2588235
0.1435538;0.2070757;-0.3778479;0.7921569;0.1921569;0.2588235
0.1395423;0.2072134;-0.3762398;0.7921569;0.1921569;0.2588235
0.1395423;0.2072134;-0.3762398;0.7921569;0.1921569;0.2588235
0.1381799;0.2072496;-0.3756725;0.7921569;0.1921569;0.2588235
0.1381799;0.2072496;-0.3756725;0.7921569;0.1921569;0.2588235
0.1339198;0.2073513;-0.3740548;0.7921569;0.1921569;0.2588235
0.1339198;0.2073513;-0.3740548;0.7921569;0.1921569;0.2588235
0.1326929;0.2073733;-0.3736144;0.7921569;0.1921569;0.2588235
0.1326929;0.2073733;-0.3736144;0.7921569;0.1921569;0.2588235
0.1279311;0.2073294;-0.3717984;0.7921569;0.1921569;0.2588235
0.1279311;0.2073294;-0.3717984;0.7921569;0.1921569;0.2588235
0.1262493;0.2073321;-0.3711967;0.7921569;0.1921569;0.2588235
0.1262493;0.2073321;-0.3711967;0.7921569;0.1921569;0.2588235
0.1196344;0.2073589;-0.3688563;0.7921569;0.1921569;0.2588235
0.1196344;0.2073589;-0.3688563;0.7921569;0.1921569;0.2588235
0.112685;0.207489;-0.3666128;0.7921569;0.1921569;0.2588235
0.112685;0.207489;-0.3666128;0.7921569;0.1921569;0.2588235
0.1069788;0.2077959;-0.3649302;0.7921569;0.1921569;0.2588235
0.1069788;0.2077959;-0.3649302;0.7921569;0.1921569;0.2588235
0.0984152;0.2103265;-0.3659978;0.7921569;0.1921569;0.2588235
0.0984152;0.2103265;-0.3659978;0.7921569;0.1921569;0.2588235
0.09444449;0.2106642;-0.3652583;0.7921569;0.1921569;0.2588235
0.09444449;0.2106642;-0.3652583;0.7921569;0.1921569;0.2588235
0.09185923;0.2109008;-0.364795;0.7921569;0.1921569;0.2588235
0.09185923;0.2109008;-0.364795;0.7921569;0.1921569;0.2588235
0.08572404;0.2111439;-0.3633181;0.7921569;0.1921569;0.2588235
0.08572404;0.2111439;-0.3633181;0.7921569;0.1921569;0.2588235
0.0842704;0.2112371;-0.3630452;0.7921569;0.1921569;0.2588235
0.0842704;0.2112371;-0.3630452;0.7921569;0.1921569;0.2588235
0.07837378;0.2115106;-0.3618295;0.7921569;0.1921569;0.2588235
0.07837378;0.2115106;-0.3618295;0.7921569;0.1921569;0.2588235
0.07684241;0.2116077;-0.3615823;0.7921569;0.1921569;0.2588235
0.07684241;0.2116077;-0.3615823;0.7921569;0.1921569;0.2588235
0.07189599;0.2116988;-0.3604811;0.7921569;0.1921569;0.2588235
0.07189599;0.2116988;-0.3604811;0.7921569;0.1921569;0.2588235
0.0691267;0.2117198;-0.3598808;0.7921569;0.1921569;0.2588235
0.0691267;0.2117198;-0.3598808;0.7921569;0.1921569;0.2588235
0.06429064;0.2117026;-0.3587294;0.7921569;0.1921569;0.2588235
0.06429064;0.2117026;-0.3587294;0.7921569;0.1921569;0.2588235
0.06112314;0.2118342;-0.358201;0.7921569;0.1921569;0.2588235
0.06112314;0.2118342;-0.358201;0.7921569;0.1921569;0.2588235
0.05450289;0.2119391;-0.3567415;0.7921569;0.1921569;0.2588235
0.05450289;0.2119391;-0.3567415;0.7921569;0.1921569;0.2588235
0.05286909;0.2120168;-0.3564703;0.7921569;0.1921569;0.2588235
0.05286909;0.2120168;-0.3564703;0.7921569;0.1921569;0.2588235
0.04636105;0.2124115;-0.3555486;0.7921569;0.1921569;0.2588235
0.04636105;0.2124115;-0.3555486;0.7921569;0.1921569;0.2588235
0.04466664;0.2124273;-0.355124;0.7921569;0.1921569;0.2588235
0.04466664;0.2124273;-0.355124;0.7921569;0.1921569;0.2588235
0.03814301;0.2128066;-0.3541132;0.7921569;0.1921569;0.2588235
0.03814301;0.2128066;-0.3541132;0.7921569;0.1921569;0.2588235
0.03652956;0.2128773;-0.3538263;0.7921569;0.1921569;0.2588235
0.03652956;0.2128773;-0.3538263;0.7921569;0.1921569;0.2588235
0.03179174;0.2130892;-0.3530087;0.7921569;0.1921569;0.2588235
0.03179174;0.2130892;-0.3530087;0.7921569;0.1921569;0.2588235
0.02867037;0.2133379;-0.3526889;0.7921569;0.1921569;0.2588235
0.02867037;0.2133379;-0.3526889;0.7921569;0.1921569;0.2588235
0.02245591;0.2136015;-0.351707;0.7921569;0.1921569;0.2588235
0.02245591;0.2136015;-0.351707;0.7921569;0.1921569;0.2588235
0.02089399;0.2136845;-0.3515382;0.7921569;0.1921569;0.2588235
0.02089399;0.2136845;-0.3515382;0.7921569;0.1921569;0.2588235
0.01434455;0.2137928;-0.3506805;0.7921569;0.1921569;0.2588235
0.01434455;0.2137928;-0.3506805;0.7921569;0.1921569;0.2588235
0.01316615;0.213806;-0.3505404;0.7921569;0.1921569;0.2588235
0.01316615;0.213806;-0.3505404;0.7921569;0.1921569;0.2588235
0.008133437;0.213754;-0.3498092;0.7921569;0.1921569;0.2588235
0.008133437;0.213754;-0.3498092;0.7921569;0.1921569;0.2588235
0.005418264;0.2137587;-0.3494791;0.7921569;0.1921569;0.2588235
0.005418264;0.2137587;-0.3494791;0.7921569;0.1921569;0.2588235
0.0008220915;0.2137279;-0.34881;0.7921569;0.1921569;0.2588235
0.0008220915;0.2137279;-0.34881;0.7921569;0.1921569;0.2588235
-0.001094069;0.2137602;-0.3485957;0.7921569;0.1921569;0.2588235
-0.001094069;0.2137602;-0.3485957;0.7921569;0.1921569;0.2588235
-0.008616994;0.2139468;-0.3477441;0.7921569;0.1921569;0.2588235
-0.008616994;0.2139468;-0.3477441;0.7921569;0.1921569;0.2588235
-0.01599335;0.2141068;-0.3469658;0.7921569;0.1921569;0.2588235
-0.01599335;0.2141068;-0.3469658;0.7921569;0.1921569;0.2588235
-0.02200014;0.2141345;-0.3464185;0.7921569;0.1921569;0.2588235
-0.02200014;0.2141345;-0.3464185;0.7921569;0.1921569;0.2588235
-0.02304304;0.2141312;-0.3463333;0.7921569;0.1921569;0.2588235
-0.02304304;0.2141312;-0.3463333;0.7921569;0.1921569;0.2588235
-0.028014;0.2141154;-0.3458366;0.7921569;0.1921569;0.2588235
-0.028014;0.2141154;-0.3458366;0.7921569;0.1921569;0.2588235
-0.02966987;0.2141209;-0.345714;0.7921569;0.1921569;0.2588235
-0.02966987;0.2141209;-0.345714;0.7921569;0.1921569;0.2588235
-0.03617567;0.2142667;-0.3452832;0.7921569;0.1921569;0.2588235
-0.03617567;0.2142667;-0.3452832;0.7921569;0.1921569;0.2588235
-0.04133327;0.2145846;-0.3449931;0.7921569;0.1921569;0.2588235
-0.04133327;0.2145846;-0.3449931;0.7921569;0.1921569;0.2588235
-0.04252892;0.2146749;-0.3449501;0.7921569;0.1921569;0.2588235
-0.04252892;0.2146749;-0.3449501;0.7921569;0.1921569;0.2588235
-0.04797401;0.2150726;-0.3446959;0.7921569;0.1921569;0.2588235
-0.04797401;0.2150726;-0.3446959;0.7921569;0.1921569;0.2588235
-0.05260896;0.2152225;-0.3444046;0.7921569;0.1921569;0.2588235
-0.05260896;0.2152225;-0.3444046;0.7921569;0.1921569;0.2588235
-0.05413024;0.2152405;-0.3442816;0.7921569;0.1921569;0.2588235
-0.05413024;0.2152405;-0.3442816;0.7921569;0.1921569;0.2588235
-0.06001705;0.215318;-0.3438314;0.7921569;0.1921569;0.2588235
-0.06001705;0.215318;-0.3438314;0.7921569;0.1921569;0.2588235
-0.06636346;0.2154735;-0.3433411;0.7921569;0.1921569;0.2588235
-0.06636346;0.2154735;-0.3433411;0.7921569;0.1921569;0.2588235
-0.0722366;0.2156115;-0.3428191;0.7921569;0.1921569;0.2588235
-0.0722366;0.2156115;-0.3428191;0.7921569;0.1921569;0.2588235
-0.08415917;0.2165805;-0.3418249;0.7921569;0.1921569;0.2588235
-0.08415917;0.2165805;-0.3418249;0.7921569;0.1921569;0.2588235
-0.08829474;0.2171813;-0.341506;0.7921569;0.1921569;0.2588235
-0.08829474;0.2171813;-0.341506;0.7921569;0.1921569;0.2588235
-0.08935387;0.2173829;-0.3414297;0.7921569;0.1921569;0.2588235
-0.08935387;0.2173829;-0.3414297;0.7921569;0.1921569;0.2588235
-0.09333651;0.2182963;-0.3409407;0.7921569;0.1921569;0.2588235
-0.09333651;0.2182963;-0.3409407;0.7921569;0.1921569;0.2588235
-0.09435806;0.2185884;-0.3408598;0.7921569;0.1921569;0.2588235
-0.09435806;0.2185884;-0.3408598;0.7921569;0.1921569;0.2588235
-0.09763414;0.2197392;-0.3403856;0.7921569;0.1921569;0.2588235
-0.09763414;0.2197392;-0.3403856;0.7921569;0.1921569;0.2588235
-0.09910578;0.220302;-0.3402416;0.7921569;0.1921569;0.2588235
-0.09910578;0.220302;-0.3402416;0.7921569;0.1921569;0.2588235
-0.1037587;0.2225252;-0.3397249;0.7921569;0.1921569;0.2588235
-0.1037587;0.2225252;-0.3397249;0.7921569;0.1921569;0.2588235
-0.1072861;0.2247749;-0.339255;0.7921569;0.1921569;0.2588235
-0.1072861;0.2247749;-0.339255;0.7921569;0.1921569;0.2588235
-0.110801;0.2278003;-0.3386886;0.7921569;0.1921569;0.2588235
-0.110801;0.2278003;-0.3386886;0.7921569;0.1921569;0.2588235
-0.1135486;0.2308995;-0.3382543;0.7921569;0.1921569;0.2588235
-0.1135486;0.2308995;-0.3382543;0.7921569;0.1921569;0.2588235
-0.1143663;0.2320002;-0.3381319;0.7921569;0.1921569;0.2588235
-0.1143663;0.2320002;-0.3381319;0.7921569;0.1921569;0.2588235
-0.1167966;0.2358434;-0.3378251;0.7921569;0.1921569;0.2588235
-0.1167966;0.2358434;-0.3378251;0.7921569;0.1921569;0.2588235
-0.1185417;0.2390586;-0.3376603;0.7921569;0.1921569;0.2588235
-0.1185417;0.2390586;-0.3376603;0.7921569;0.1921569;0.2588235
-0.1203069;0.2429724;-0.3375914;0.7921569;0.1921569;0.2588235
-0.1203069;0.2429724;-0.3375914;0.7921569;0.1921569;0.2588235
-0.1207211;0.2439818;-0.3375502;0.7921569;0.1921569;0.2588235
-0.1207211;0.2439818;-0.3375502;0.7921569;0.1921569;0.2588235
-0.1216905;0.2467972;-0.3374625;0.7921569;0.1921569;0.2588235
-0.1216905;0.2467972;-0.3374625;0.7921569;0.1921569;0.2588235
-0.1219931;0.2480013;-0.3374169;0.7921569;0.1921569;0.2588235
-0.1219931;0.2480013;-0.3374169;0.7921569;0.1921569;0.2588235
-0.1225467;0.2511399;-0.3372202;0.7921569;0.1921569;0.2588235
-0.1225467;0.2511399;-0.3372202;0.7921569;0.1921569;0.2588235
-0.1229939;0.2549792;-0.3370899;0.7921569;0.1921569;0.2588235
-0.1229939;0.2549792;-0.3370899;0.7921569;0.1921569;0.2588235
-0.123292;0.2583137;-0.3369347;0.7921569;0.1921569;0.2588235
-0.123292;0.2583137;-0.3369347;0.7921569;0.1921569;0.2588235
-0.123338;0.259383;-0.3368753;0.7921569;0.1921569;0.2588235
-0.123338;0.259383;-0.3368753;0.7921569;0.1921569;0.2588235
-0.1232136;0.2615722;-0.3366727;0.7921569;0.1921569;0.2588235
-0.1232136;0.2615722;-0.3366727;0.7921569;0.1921569;0.2588235
-0.1229903;0.262701;-0.3366076;0.7921569;0.1921569;0.2588235
-0.1229903;0.262701;-0.3366076;0.7921569;0.1921569;0.2588235
-0.1216375;0.2658525;-0.3364896;0.7921569;0.1921569;0.2588235
-0.1216375;0.2658525;-0.3364896;0.7921569;0.1921569;0.2588235
-0.1198822;0.2683932;-0.3365612;0.7921569;0.1921569;0.2588235
-0.1198822;0.2683932;-0.3365612;0.7921569;0.1921569;0.2588235
-0.1174021;0.2709902;-0.3368187;0.7921569;0.1921569;0.2588235
-0.1174021;0.2709902;-0.3368187;0.7921569;0.1921569;0.2588235
-0.1133204;0.2737156;-0.3373924;0.7921569;0.1921569;0.2588235
-0.1133204;0.2737156;-0.3373924;0.7921569;0.1921569;0.2588235
-0.1089083;0.2752637;-0.3380702;0.7921569;0.1921569;0.2588235
-0.1089083;0.2752637;-0.3380702;0.7921569;0.1921569;0.2588235
-0.1045524;0.2762773;-0.3388755;0.7921569;0.1921569;0.2588235
-0.1045524;0.2762773;-0.3388755;0.7921569;0.1921569;0.2588235
-0.1033685;0.2764973;-0.3391097;0.7921569;0.1921569;0.2588235
-0.1033685;0.2764973;-0.3391097;0.7921569;0.1921569;0.2588235
-0.09933177;0.2770295;-0.3398602;0.7921569;0.1921569;0.2588235
-0.09933177;0.2770295;-0.3398602;0.7921569;0.1921569;0.2588235
-0.09700883;0.2772419;-0.3403181;0.7921569;0.1921569;0.2588235
-0.09700883;0.2772419;-0.3403181;0.7921569;0.1921569;0.2588235
-0.09275805;0.2774241;-0.3410364;0.7921569;0.1921569;0.2588235
-0.09275805;0.2774241;-0.3410364;0.7921569;0.1921569;0.2588235
-0.08980381;0.277511;-0.341614;0.7921569;0.1921569;0.2588235
-0.08980381;0.277511;-0.341614;0.7921569;0.1921569;0.2588235
-0.08224667;0.2774617;-0.342881;0.7921569;0.1921569;0.2588235
-0.08224667;0.2774617;-0.342881;0.7921569;0.1921569;0.2588235
-0.06966501;0.2769569;-0.3450533;0.7921569;0.1921569;0.2588235
-0.06966501;0.2769569;-0.3450533;0.7921569;0.1921569;0.2588235
-0.06754583;0.2768776;-0.3454555;0.7921569;0.1921569;0.2588235
-0.06754583;0.2768776;-0.3454555;0.7921569;0.1921569;0.2588235
-0.0634143;0.2766865;-0.3460211;0.7921569;0.1921569;0.2588235
-0.0634143;0.2766865;-0.3460211;0.7921569;0.1921569;0.2588235
-0.06067429;0.2765704;-0.3465064;0.7921569;0.1921569;0.2588235
-0.06067429;0.2765704;-0.3465064;0.7921569;0.1921569;0.2588235
-0.05536664;0.2763249;-0.3473079;0.7921569;0.1921569;0.2588235
-0.05536664;0.2763249;-0.3473079;0.7921569;0.1921569;0.2588235
-0.05410617;0.2762664;-0.3474143;0.7921569;0.1921569;0.2588235
-0.05410617;0.2762664;-0.3474143;0.7921569;0.1921569;0.2588235
-0.04886316;0.2761663;-0.3482473;0.7921569;0.1921569;0.2588235
-0.04886316;0.2761663;-0.3482473;0.7921569;0.1921569;0.2588235
-0.04383933;0.276152;-0.3490952;0.7921569;0.1921569;0.2588235
-0.04383933;0.276152;-0.3490952;0.7921569;0.1921569;0.2588235
-0.03869469;0.2760663;-0.3498412;0.7921569;0.1921569;0.2588235
-0.03869469;0.2760663;-0.3498412;0.7921569;0.1921569;0.2588235
-0.03726606;0.2760506;-0.3500749;0.7921569;0.1921569;0.2588235
-0.03726606;0.2760506;-0.3500749;0.7921569;0.1921569;0.2588235
-0.03171835;0.2759452;-0.3507932;0.7921569;0.1921569;0.2588235
-0.03171835;0.2759452;-0.3507932;0.7921569;0.1921569;0.2588235
-0.02722836;0.2758927;-0.351433;0.7921569;0.1921569;0.2588235
-0.02722836;0.2758927;-0.351433;0.7921569;0.1921569;0.2588235
-0.02227057;0.2757915;-0.3520614;0.7921569;0.1921569;0.2588235
-0.02227057;0.2757915;-0.3520614;0.7921569;0.1921569;0.2588235
-0.01847112;0.2758039;-0.3524384;0.7921569;0.1921569;0.2588235
-0.01847112;0.2758039;-0.3524384;0.7921569;0.1921569;0.2588235
-0.01494749;0.2760448;-0.3527033;0.7921569;0.1921569;0.2588235
-0.01494749;0.2760448;-0.3527033;0.7921569;0.1921569;0.2588235
-0.01504052;0.2768229;-0.3519254;0.7921569;0.1921569;0.2588235
-0.01504052;0.2768229;-0.3519254;0.7921569;0.1921569;0.2588235
-0.01723916;0.2772076;-0.3512411;0.7921569;0.1921569;0.2588235
-0.01723916;0.2772076;-0.3512411;0.7921569;0.1921569;0.2588235
-0.02316573;0.2776191;-0.3498123;0.7921569;0.1921569;0.2588235
-0.02316573;0.2776191;-0.3498123;0.7921569;0.1921569;0.2588235
-0.02879879;0.2776932;-0.3484421;0.7921569;0.1921569;0.2588235
-0.02879879;0.2776932;-0.3484421;0.7921569;0.1921569;0.2588235
-0.03532014;0.2775204;-0.3468882;0.7921569;0.1921569;0.2588235
-0.03532014;0.2775204;-0.3468882;0.7921569;0.1921569;0.2588235
-0.03686614;0.2774544;-0.3465064;0.7921569;0.1921569;0.2588235
-0.03686614;0.2774544;-0.3465064;0.7921569;0.1921569;0.2588235
-0.04492452;0.277104;-0.3446363;0.7921569;0.1921569;0.2588235
-0.04492452;0.277104;-0.3446363;0.7921569;0.1921569;0.2588235
-0.05310838;0.2768683;-0.3429327;0.7921569;0.1921569;0.2588235
-0.05310838;0.2768683;-0.3429327;0.7921569;0.1921569;0.2588235
-0.06019805;0.2770002;-0.3416642;0.7921569;0.1921569;0.2588235
-0.06019805;0.2770002;-0.3416642;0.7921569;0.1921569;0.2588235
-0.06147092;0.2770525;-0.3414611;0.7921569;0.1921569;0.2588235
-0.06147092;0.2770525;-0.3414611;0.7921569;0.1921569;0.2588235
-0.06803717;0.2774443;-0.340385;0.7921569;0.1921569;0.2588235
-0.06803717;0.2774443;-0.340385;0.7921569;0.1921569;0.2588235
-0.06968167;0.2775755;-0.3401046;0.7921569;0.1921569;0.2588235
-0.06968167;0.2775755;-0.3401046;0.7921569;0.1921569;0.2588235
-0.07773371;0.2785573;-0.3388951;0.7921569;0.1921569;0.2588235
-0.07773371;0.2785573;-0.3388951;0.7921569;0.1921569;0.2588235
-0.08533946;0.2800703;-0.3378175;0.7921569;0.1921569;0.2588235
-0.08533946;0.2800703;-0.3378175;0.7921569;0.1921569;0.2588235
-0.09137367;0.2816849;-0.3370608;0.7921569;0.1921569;0.2588235
-0.09137367;0.2816849;-0.3370608;0.7921569;0.1921569;0.2588235
-0.09276318;0.2821392;-0.3369186;0.7921569;0.1921569;0.2588235
-0.09276318;0.2821392;-0.3369186;0.7921569;0.1921569;0.2588235
-0.09719685;0.2839007;-0.3365259;0.7921569;0.1921569;0.2588235
-0.09719685;0.2839007;-0.3365259;0.7921569;0.1921569;0.2588235
-0.1039951;0.2883461;-0.3360636;0.7921569;0.1921569;0.2588235
-0.1039951;0.2883461;-0.3360636;0.7921569;0.1921569;0.2588235
-0.107647;0.2914813;-0.3358748;0.7921569;0.1921569;0.2588235
-0.107647;0.2914813;-0.3358748;0.7921569;0.1921569;0.2588235
-0.1099972;0.2946788;-0.3358595;0.7921569;0.1921569;0.2588235
-0.1099972;0.2946788;-0.3358595;0.7921569;0.1921569;0.2588235
-0.110502;0.2955428;-0.3358738;0.7921569;0.1921569;0.2588235
-0.110502;0.2955428;-0.3358738;0.7921569;0.1921569;0.2588235
-0.1121299;0.2991325;-0.3360374;0.7921569;0.1921569;0.2588235
-0.1121299;0.2991325;-0.3360374;0.7921569;0.1921569;0.2588235
-0.1123951;0.3001103;-0.3360928;0.7921569;0.1921569;0.2588235
-0.1123951;0.3001103;-0.3360928;0.7921569;0.1921569;0.2588235
-0.1132905;0.3052722;-0.3364544;0.7921569;0.1921569;0.2588235
-0.1132905;0.3052722;-0.3364544;0.7921569;0.1921569;0.2588235
-0.1130667;0.3095075;-0.3367584;0.7921569;0.1921569;0.2588235
-0.1130667;0.3095075;-0.3367584;0.7921569;0.1921569;0.2588235
-0.1121935;0.3130811;-0.3370526;0.7921569;0.1921569;0.2588235
-0.1121935;0.3130811;-0.3370526;0.7921569;0.1921569;0.2588235
-0.1104546;0.3168575;-0.3374213;0.7921569;0.1921569;0.2588235
-0.1104546;0.3168575;-0.3374213;0.7921569;0.1921569;0.2588235
-0.1096711;0.3180724;-0.3375545;0.7921569;0.1921569;0.2588235
-0.1096711;0.3180724;-0.3375545;0.7921569;0.1921569;0.2588235
-0.1076412;0.3204854;-0.3378887;0.7921569;0.1921569;0.2588235
-0.1076412;0.3204854;-0.3378887;0.7921569;0.1921569;0.2588235
-0.106365;0.3217449;-0.3380792;0.7921569;0.1921569;0.2588235
-0.106365;0.3217449;-0.3380792;0.7921569;0.1921569;0.2588235
-0.1022674;0.3248784;-0.3387097;0.7921569;0.1921569;0.2588235
-0.1022674;0.3248784;-0.3387097;0.7921569;0.1921569;0.2588235
-0.09817764;0.3270916;-0.3393376;0.7921569;0.1921569;0.2588235
-0.09817764;0.3270916;-0.3393376;0.7921569;0.1921569;0.2588235
-0.09708598;0.3275318;-0.3394912;0.7921569;0.1921569;0.2588235
-0.09708598;0.3275318;-0.3394912;0.7921569;0.1921569;0.2588235
-0.09326087;0.3287987;-0.3400439;0.7921569;0.1921569;0.2588235
-0.09326087;0.3287987;-0.3400439;0.7921569;0.1921569;0.2588235
-0.0909669;0.3293841;-0.3403765;0.7921569;0.1921569;0.2588235
-0.0909669;0.3293841;-0.3403765;0.7921569;0.1921569;0.2588235
-0.08668644;0.3301572;-0.3409336;0.7921569;0.1921569;0.2588235
-0.08668644;0.3301572;-0.3409336;0.7921569;0.1921569;0.2588235
-0.08367372;0.3305843;-0.3413779;0.7921569;0.1921569;0.2588235
-0.08367372;0.3305843;-0.3413779;0.7921569;0.1921569;0.2588235
-0.07727567;0.3311232;-0.3422283;0.7921569;0.1921569;0.2588235
-0.07727567;0.3311232;-0.3422283;0.7921569;0.1921569;0.2588235
-0.07565244;0.3312404;-0.3424786;0.7921569;0.1921569;0.2588235
-0.07565244;0.3312404;-0.3424786;0.7921569;0.1921569;0.2588235
-0.0691391;0.3315911;-0.3434281;0.7921569;0.1921569;0.2588235
-0.0691391;0.3315911;-0.3434281;0.7921569;0.1921569;0.2588235
-0.06750742;0.3316487;-0.3436419;0.7921569;0.1921569;0.2588235
-0.06750742;0.3316487;-0.3436419;0.7921569;0.1921569;0.2588235
-0.06239958;0.3317734;-0.3444378;0.7921569;0.1921569;0.2588235
-0.06239958;0.3317734;-0.3444378;0.7921569;0.1921569;0.2588235
-0.05966506;0.3317843;-0.3448386;0.7921569;0.1921569;0.2588235
-0.05966506;0.3317843;-0.3448386;0.7921569;0.1921569;0.2588235
-0.0552146;0.3316658;-0.345209;0.7921569;0.1921569;0.2588235
-0.0552146;0.3316658;-0.345209;0.7921569;0.1921569;0.2588235
-0.0523051;0.3316104;-0.3455777;0.7921569;0.1921569;0.2588235
-0.0523051;0.3316104;-0.3455777;0.7921569;0.1921569;0.2588235
-0.0470162;0.3315275;-0.3459851;0.7921569;0.1921569;0.2588235
-0.0470162;0.3315275;-0.3459851;0.7921569;0.1921569;0.2588235
-0.03973368;0.3317907;-0.3468317;0.7921569;0.1921569;0.2588235
-0.03973368;0.3317907;-0.3468317;0.7921569;0.1921569;0.2588235
-0.03523386;0.3320559;-0.3473277;0.7921569;0.1921569;0.2588235
-0.03523386;0.3320559;-0.3473277;0.7921569;0.1921569;0.2588235
-0.03414215;0.3321203;-0.3474565;0.7921569;0.1921569;0.2588235
-0.03414215;0.3321203;-0.3474565;0.7921569;0.1921569;0.2588235
-0.03081535;0.3322937;-0.3477345;0.7921569;0.1921569;0.2588235
-0.03081535;0.3322937;-0.3477345;0.7921569;0.1921569;0.2588235
-0.0252037;0.3328954;-0.3483374;0.7921569;0.1921569;0.2588235
-0.0252037;0.3328954;-0.3483374;0.7921569;0.1921569;0.2588235
-0.02141402;0.3332949;-0.3487689;0.7921569;0.1921569;0.2588235
-0.02141402;0.3332949;-0.3487689;0.7921569;0.1921569;0.2588235
-0.01746377;0.3337484;-0.3493497;0.7921569;0.1921569;0.2588235
-0.01746377;0.3337484;-0.3493497;0.7921569;0.1921569;0.2588235
-0.01469993;0.3341423;-0.3496561;0.7921569;0.1921569;0.2588235
-0.01469993;0.3341423;-0.3496561;0.7921569;0.1921569;0.2588235
-0.01118078;0.3352791;-0.3500973;0.7921569;0.1921569;0.2588235
-0.01118078;0.3352791;-0.3500973;0.7921569;0.1921569;0.2588235
-0.01164498;0.3364675;-0.3511454;0.7921569;0.1921569;0.2588235
-0.01164498;0.3364675;-0.3511454;0.7921569;0.1921569;0.2588235
-0.01340267;0.338044;-0.3533994;0.7921569;0.1921569;0.2588235
-0.01340267;0.338044;-0.3533994;0.7921569;0.1921569;0.2588235
-0.01656632;0.339554;-0.3535829;0.7921569;0.1921569;0.2588235
-0.01656632;0.339554;-0.3535829;0.7921569;0.1921569;0.2588235
-0.02048799;0.3406369;-0.3534441;0.7921569;0.1921569;0.2588235
-0.02048799;0.3406369;-0.3534441;0.7921569;0.1921569;0.2588235
-0.02600929;0.3415373;-0.352939;0.7921569;0.1921569;0.2588235
-0.02600929;0.3415373;-0.352939;0.7921569;0.1921569;0.2588235
-0.02724542;0.3415902;-0.3524898;0.7921569;0.1921569;0.2588235
-0.02724542;0.3415902;-0.3524898;0.7921569;0.1921569;0.2588235
-0.03242123;0.3419316;-0.3517275;0.7921569;0.1921569;0.2588235
-0.03242123;0.3419316;-0.3517275;0.7921569;0.1921569;0.2588235
-0.03429091;0.3420179;-0.3515396;0.7921569;0.1921569;0.2588235
-0.03429091;0.3420179;-0.3515396;0.7921569;0.1921569;0.2588235
-0.04055638;0.3419535;-0.3501784;0.7921569;0.1921569;0.2588235
-0.04055638;0.3419535;-0.3501784;0.7921569;0.1921569;0.2588235
-0.04298947;0.3419604;-0.3498808;0.7921569;0.1921569;0.2588235
-0.04298947;0.3419604;-0.3498808;0.7921569;0.1921569;0.2588235
-0.04864512;0.3417766;-0.3487172;0.7921569;0.1921569;0.2588235
-0.04864512;0.3417766;-0.3487172;0.7921569;0.1921569;0.2588235
-0.05025457;0.3417518;-0.3485177;0.7921569;0.1921569;0.2588235
-0.05025457;0.3417518;-0.3485177;0.7921569;0.1921569;0.2588235
-0.05651704;0.3416008;-0.3475213;0.7921569;0.1921569;0.2588235
-0.05651704;0.3416008;-0.3475213;0.7921569;0.1921569;0.2588235
-0.05803536;0.3415531;-0.3471327;0.7921569;0.1921569;0.2588235
-0.05803536;0.3415531;-0.3471327;0.7921569;0.1921569;0.2588235
-0.06369347;0.3416058;-0.3462952;0.7921569;0.1921569;0.2588235
-0.06369347;0.3416058;-0.3462952;0.7921569;0.1921569;0.2588235
-0.06559722;0.3416738;-0.3460865;0.7921569;0.1921569;0.2588235
-0.06559722;0.3416738;-0.3460865;0.7921569;0.1921569;0.2588235
-0.07290331;0.3421709;-0.3450009;0.7921569;0.1921569;0.2588235
-0.07290331;0.3421709;-0.3450009;0.7921569;0.1921569;0.2588235
-0.07856788;0.3428962;-0.344326;0.7921569;0.1921569;0.2588235
-0.07856788;0.3428962;-0.344326;0.7921569;0.1921569;0.2588235
-0.07996574;0.3431184;-0.3442039;0.7921569;0.1921569;0.2588235
-0.07996574;0.3431184;-0.3442039;0.7921569;0.1921569;0.2588235
-0.08533137;0.3442113;-0.3436773;0.7921569;0.1921569;0.2588235
-0.08533137;0.3442113;-0.3436773;0.7921569;0.1921569;0.2588235
-0.08663608;0.344541;-0.3435922;0.7921569;0.1921569;0.2588235
-0.08663608;0.344541;-0.3435922;0.7921569;0.1921569;0.2588235
-0.09107618;0.3459049;-0.3432729;0.7921569;0.1921569;0.2588235
-0.09107618;0.3459049;-0.3432729;0.7921569;0.1921569;0.2588235
-0.09248334;0.3464016;-0.3432146;0.7921569;0.1921569;0.2588235
-0.09248334;0.3464016;-0.3432146;0.7921569;0.1921569;0.2588235
-0.09780546;0.3486311;-0.3430313;0.7921569;0.1921569;0.2588235
-0.09780546;0.3486311;-0.3430313;0.7921569;0.1921569;0.2588235
-0.1019301;0.3508012;-0.3429965;0.7921569;0.1921569;0.2588235
-0.1019301;0.3508012;-0.3429965;0.7921569;0.1921569;0.2588235
-0.1028464;0.351384;-0.3430115;0.7921569;0.1921569;0.2588235
-0.1028464;0.351384;-0.3430115;0.7921569;0.1921569;0.2588235
-0.1058922;0.3538012;-0.3431361;0.7921569;0.1921569;0.2588235
-0.1058922;0.3538012;-0.3431361;0.7921569;0.1921569;0.2588235
-0.1081215;0.3566218;-0.3433427;0.7921569;0.1921569;0.2588235
-0.1081215;0.3566218;-0.3433427;0.7921569;0.1921569;0.2588235
-0.1087587;0.3578008;-0.343417;0.7921569;0.1921569;0.2588235
-0.1087587;0.3578008;-0.343417;0.7921569;0.1921569;0.2588235
-0.1096998;0.3612921;-0.343698;0.7921569;0.1921569;0.2588235
-0.1096998;0.3612921;-0.343698;0.7921569;0.1921569;0.2588235
-0.10971;0.3642641;-0.344119;0.7921569;0.1921569;0.2588235
-0.10971;0.3642641;-0.344119;0.7921569;0.1921569;0.2588235
-0.1084171;0.3677185;-0.3447814;0.7921569;0.1921569;0.2588235
-0.1084171;0.3677185;-0.3447814;0.7921569;0.1921569;0.2588235
-0.1076493;0.3688582;-0.3450223;0.7921569;0.1921569;0.2588235
-0.1076493;0.3688582;-0.3450223;0.7921569;0.1921569;0.2588235
-0.1054111;0.371206;-0.3456469;0.7921569;0.1921569;0.2588235
-0.1054111;0.371206;-0.3456469;0.7921569;0.1921569;0.2588235
-0.1039786;0.3723999;-0.3459405;0.7921569;0.1921569;0.2588235
-0.1039786;0.3723999;-0.3459405;0.7921569;0.1921569;0.2588235
-0.1000526;0.3749895;-0.3467754;0.7921569;0.1921569;0.2588235
-0.1000526;0.3749895;-0.3467754;0.7921569;0.1921569;0.2588235
-0.09893274;0.3756241;-0.346992;0.7921569;0.1921569;0.2588235
-0.09893274;0.3756241;-0.346992;0.7921569;0.1921569;0.2588235
-0.09388445;0.3779691;-0.3479344;0.7921569;0.1921569;0.2588235
-0.09388445;0.3779691;-0.3479344;0.7921569;0.1921569;0.2588235
-0.08466288;0.3803812;-0.3492545;0.7921569;0.1921569;0.2588235
-0.08466288;0.3803812;-0.3492545;0.7921569;0.1921569;0.2588235
-0.08079692;0.3809406;-0.349701;0.7921569;0.1921569;0.2588235
-0.08079692;0.3809406;-0.349701;0.7921569;0.1921569;0.2588235
-0.07760531;0.3812992;-0.350099;0.7921569;0.1921569;0.2588235
-0.07760531;0.3812992;-0.350099;0.7921569;0.1921569;0.2588235
-0.07117904;0.3816768;-0.3509432;0.7921569;0.1921569;0.2588235
-0.07117904;0.3816768;-0.3509432;0.7921569;0.1921569;0.2588235
-0.06953952;0.3817333;-0.3511573;0.7921569;0.1921569;0.2588235
-0.06953952;0.3817333;-0.3511573;0.7921569;0.1921569;0.2588235
-0.06309719;0.3817027;-0.3519769;0.7921569;0.1921569;0.2588235
-0.06309719;0.3817027;-0.3519769;0.7921569;0.1921569;0.2588235
-0.06109352;0.3816005;-0.3521487;0.7921569;0.1921569;0.2588235
-0.06109352;0.3816005;-0.3521487;0.7921569;0.1921569;0.2588235
-0.05601558;0.3812526;-0.3527491;0.7921569;0.1921569;0.2588235
-0.05601558;0.3812526;-0.3527491;0.7921569;0.1921569;0.2588235
-0.0537314;0.3810257;-0.3530378;0.7921569;0.1921569;0.2588235
-0.0537314;0.3810257;-0.3530378;0.7921569;0.1921569;0.2588235
-0.04936586;0.3806064;-0.3536396;0.7921569;0.1921569;0.2588235
-0.04936586;0.3806064;-0.3536396;0.7921569;0.1921569;0.2588235
-0.0466016;0.3803182;-0.354031;0.7921569;0.1921569;0.2588235
-0.0466016;0.3803182;-0.354031;0.7921569;0.1921569;0.2588235
-0.04148269;0.379959;-0.3548214;0.7921569;0.1921569;0.2588235
-0.04148269;0.379959;-0.3548214;0.7921569;0.1921569;0.2588235
-0.04025989;0.3798533;-0.355033;0.7921569;0.1921569;0.2588235
-0.04025989;0.3798533;-0.355033;0.7921569;0.1921569;0.2588235
-0.03571587;0.379458;-0.3558367;0.7921569;0.1921569;0.2588235
-0.03571587;0.379458;-0.3558367;0.7921569;0.1921569;0.2588235
-0.03457159;0.3793597;-0.3560753;0.7921569;0.1921569;0.2588235
-0.03457159;0.3793597;-0.3560753;0.7921569;0.1921569;0.2588235
-0.03091564;0.3790424;-0.3569428;0.7921569;0.1921569;0.2588235
-0.03091564;0.3790424;-0.3569428;0.7921569;0.1921569;0.2588235
-0.02949768;0.3788871;-0.3573315;0.7921569;0.1921569;0.2588235
-0.02949768;0.3788871;-0.3573315;0.7921569;0.1921569;0.2588235
-0.02677771;0.3786637;-0.3580611;0.7921569;0.1921569;0.2588235
-0.02677771;0.3786637;-0.3580611;0.7921569;0.1921569;0.2588235
-0.02514937;0.3785596;-0.3584929;0.7921569;0.1921569;0.2588235
-0.02514937;0.3785596;-0.3584929;0.7921569;0.1921569;0.2588235
-0.02290804;0.3784943;-0.3593487;0.7921569;0.1921569;0.2588235
-0.02290804;0.3784943;-0.3593487;0.7921569;0.1921569;0.2588235
-0.02158658;0.3784539;-0.3598965;0.7921569;0.1921569;0.2588235
-0.02158658;0.3784539;-0.3598965;0.7921569;0.1921569;0.2588235
-0.02471766;0.3792115;-0.3623059;0.7921569;0.1921569;0.2588235
-0.02471766;0.3792115;-0.3623059;0.7921569;0.1921569;0.2588235
-0.02622223;0.3792982;-0.3621545;0.7921569;0.1921569;0.2588235
-0.02622223;0.3792982;-0.3621545;0.7921569;0.1921569;0.2588235
-0.0300987;0.3797126;-0.3621747;0.7921569;0.1921569;0.2588235
-0.0300987;0.3797126;-0.3621747;0.7921569;0.1921569;0.2588235
-0.03109001;0.3797996;-0.362071;0.7921569;0.1921569;0.2588235
-0.03109001;0.3797996;-0.362071;0.7921569;0.1921569;0.2588235
-0.03475317;0.3800757;-0.3613298;0.7921569;0.1921569;0.2588235
-0.03475317;0.3800757;-0.3613298;0.7921569;0.1921569;0.2588235
-0.03690142;0.3803299;-0.3611847;0.7921569;0.1921569;0.2588235
-0.03690142;0.3803299;-0.3611847;0.7921569;0.1921569;0.2588235
-0.04074817;0.3810809;-0.3614901;0.7921569;0.1921569;0.2588235
-0.04074817;0.3810809;-0.3614901;0.7921569;0.1921569;0.2588235
-0.04304808;0.3814805;-0.3613739;0.7921569;0.1921569;0.2588235
-0.04304808;0.3814805;-0.3613739;0.7921569;0.1921569;0.2588235
-0.04707364;0.3819976;-0.3606697;0.7921569;0.1921569;0.2588235
-0.04707364;0.3819976;-0.3606697;0.7921569;0.1921569;0.2588235
-0.05067389;0.38258;-0.3603742;0.7921569;0.1921569;0.2588235
-0.05067389;0.38258;-0.3603742;0.7921569;0.1921569;0.2588235
-0.05666962;0.3834376;-0.3589087;0.7921569;0.1921569;0.2588235
-0.05666962;0.3834376;-0.3589087;0.7921569;0.1921569;0.2588235
-0.05827827;0.3837726;-0.3587749;0.7921569;0.1921569;0.2588235
-0.05827827;0.3837726;-0.3587749;0.7921569;0.1921569;0.2588235
-0.06437829;0.3850775;-0.3576394;0.7921569;0.1921569;0.2588235
-0.06437829;0.3850775;-0.3576394;0.7921569;0.1921569;0.2588235
-0.06589195;0.3854509;-0.3574826;0.7921569;0.1921569;0.2588235
-0.06589195;0.3854509;-0.3574826;0.7921569;0.1921569;0.2588235
-0.07038992;0.386511;-0.3562629;0.7921569;0.1921569;0.2588235
-0.07038992;0.386511;-0.3562629;0.7921569;0.1921569;0.2588235
-0.07261776;0.3870979;-0.3555628;0.7921569;0.1921569;0.2588235
-0.07261776;0.3870979;-0.3555628;0.7921569;0.1921569;0.2588235
-0.07760201;0.3887621;-0.3544524;0.7921569;0.1921569;0.2588235
-0.07760201;0.3887621;-0.3544524;0.7921569;0.1921569;0.2588235
-0.08218939;0.3908774;-0.3528801;0.7921569;0.1921569;0.2588235
-0.08218939;0.3908774;-0.3528801;0.7921569;0.1921569;0.2588235
-0.08513658;0.3932723;-0.3518406;0.7921569;0.1921569;0.2588235
-0.08513658;0.3932723;-0.3518406;0.7921569;0.1921569;0.2588235
-0.08647691;0.395504;-0.3510839;0.7921569;0.1921569;0.2588235
-0.08647691;0.395504;-0.3510839;0.7921569;0.1921569;0.2588235
-0.08670259;0.4025094;-0.349509;0.7921569;0.1921569;0.2588235
-0.08670259;0.4025094;-0.349509;0.7921569;0.1921569;0.2588235
-0.08543181;0.4055542;-0.3492092;0.7921569;0.1921569;0.2588235
-0.08543181;0.4055542;-0.3492092;0.7921569;0.1921569;0.2588235
-0.08348972;0.4079075;-0.3490317;0.7921569;0.1921569;0.2588235
-0.08348972;0.4079075;-0.3490317;0.7921569;0.1921569;0.2588235
-0.08046389;0.4102728;-0.3489536;0.7921569;0.1921569;0.2588235
-0.08046389;0.4102728;-0.3489536;0.7921569;0.1921569;0.2588235
-0.07923531;0.4109666;-0.3489261;0.7921569;0.1921569;0.2588235
-0.07923531;0.4109666;-0.3489261;0.7921569;0.1921569;0.2588235
-0.07437748;0.4128047;-0.3487571;0.7921569;0.1921569;0.2588235
-0.07437748;0.4128047;-0.3487571;0.7921569;0.1921569;0.2588235
-0.06951302;0.4139096;-0.3486069;0.7921569;0.1921569;0.2588235
-0.06951302;0.4139096;-0.3486069;0.7921569;0.1921569;0.2588235
-0.0635374;0.414778;-0.3485136;0.7921569;0.1921569;0.2588235
-0.0635374;0.414778;-0.3485136;0.7921569;0.1921569;0.2588235
-0.06221766;0.4149037;-0.3484943;0.7921569;0.1921569;0.2588235
-0.06221766;0.4149037;-0.3484943;0.7921569;0.1921569;0.2588235
-0.05484216;0.4153316;-0.3483858;0.7921569;0.1921569;0.2588235
-0.05484216;0.4153316;-0.3483858;0.7921569;0.1921569;0.2588235
-0.04734101;0.415606;-0.3483667;0.7921569;0.1921569;0.2588235
-0.04734101;0.415606;-0.3483667;0.7921569;0.1921569;0.2588235
-0.04110081;0.41596;-0.3484658;0.7921569;0.1921569;0.2588235
-0.04110081;0.41596;-0.3484658;0.7921569;0.1921569;0.2588235
-0.039485;0.4160698;-0.3485025;0.7921569;0.1921569;0.2588235
-0.039485;0.4160698;-0.3485025;0.7921569;0.1921569;0.2588235
-0.03311972;0.4165246;-0.3486425;0.7921569;0.1921569;0.2588235
-0.03311972;0.4165246;-0.3486425;0.7921569;0.1921569;0.2588235
-0.03149589;0.4166473;-0.3486803;0.7921569;0.1921569;0.2588235
-0.03149589;0.4166473;-0.3486803;0.7921569;0.1921569;0.2588235
-0.02628302;0.4170235;-0.3487654;0.7921569;0.1921569;0.2588235
-0.02628302;0.4170235;-0.3487654;0.7921569;0.1921569;0.2588235
-0.02349586;0.4172073;-0.348783;0.7921569;0.1921569;0.2588235
-0.02349586;0.4172073;-0.348783;0.7921569;0.1921569;0.2588235
-0.01550135;0.4178491;-0.3488194;0.7921569;0.1921569;0.2588235
-0.01550135;0.4178491;-0.3488194;0.7921569;0.1921569;0.2588235
-0.009306049;0.4186905;-0.3489498;0.7921569;0.1921569;0.2588235
-0.009306049;0.4186905;-0.3489498;0.7921569;0.1921569;0.2588235
-0.007765396;0.418942;-0.3489898;0.7921569;0.1921569;0.2588235
-0.007765396;0.418942;-0.3489898;0.7921569;0.1921569;0.2588235
-0.002155593;0.4198632;-0.3491062;0.7921569;0.1921569;0.2588235
-0.002155593;0.4198632;-0.3491062;0.7921569;0.1921569;0.2588235
-0.0002115904;0.4201689;-0.3491377;0.7921569;0.1921569;0.2588235
-0.0002115904;0.4201689;-0.3491377;0.7921569;0.1921569;0.2588235
0.00495494;0.4208986;-0.3492064;0.7921569;0.1921569;0.2588235
0.00495494;0.4208986;-0.3492064;0.7921569;0.1921569;0.2588235
0.007817902;0.4212646;-0.3492455;0.7921569;0.1921569;0.2588235
0.007817902;0.4212646;-0.3492455;0.7921569;0.1921569;0.2588235
0.01083695;0.4215776;-0.3535938;0.7921569;0.1921569;0.2588235
0.01083695;0.4215776;-0.3535938;0.7921569;0.1921569;0.2588235
0.01724074;0.4219964;-0.3532408;0.7921569;0.1921569;0.2588235
0.01724074;0.4219964;-0.3532408;0.7921569;0.1921569;0.2588235
0.01842708;0.4220781;-0.3533108;0.7921569;0.1921569;0.2588235
0.01842708;0.4220781;-0.3533108;0.7921569;0.1921569;0.2588235
0.02427245;0.4224675;-0.3537594;0.7921569;0.1921569;0.2588235
0.02427245;0.4224675;-0.3537594;0.7921569;0.1921569;0.2588235
0.0266236;0.422601;-0.3539753;0.7921569;0.1921569;0.2588235
0.0266236;0.422601;-0.3539753;0.7921569;0.1921569;0.2588235
0.03123998;0.4228533;-0.3544538;0.7921569;0.1921569;0.2588235
0.03123998;0.4228533;-0.3544538;0.7921569;0.1921569;0.2588235
0.0342397;0.4230251;-0.3548092;0.7921569;0.1921569;0.2588235
0.0342397;0.4230251;-0.3548092;0.7921569;0.1921569;0.2588235
0.0400908;0.4233193;-0.3555627;0.7921569;0.1921569;0.2588235
0.0400908;0.4233193;-0.3555627;0.7921569;0.1921569;0.2588235
0.0415375;0.4233692;-0.3557562;0.7921569;0.1921569;0.2588235
0.0415375;0.4233692;-0.3557562;0.7921569;0.1921569;0.2588235
0.04729579;0.4234819;-0.3565631;0.7921569;0.1921569;0.2588235
0.04729579;0.4234819;-0.3565631;0.7921569;0.1921569;0.2588235
0.0487806;0.42349;-0.3567898;0.7921569;0.1921569;0.2588235
0.0487806;0.42349;-0.3567898;0.7921569;0.1921569;0.2588235
0.05455165;0.4233626;-0.357688;0.7921569;0.1921569;0.2588235
0.05455165;0.4233626;-0.357688;0.7921569;0.1921569;0.2588235
0.05601469;0.4232689;-0.3579054;0.7921569;0.1921569;0.2588235
0.05601469;0.4232689;-0.3579054;0.7921569;0.1921569;0.2588235
0.06112615;0.4227139;-0.3585676;0.7921569;0.1921569;0.2588235
0.06112615;0.4227139;-0.3585676;0.7921569;0.1921569;0.2588235
0.06337052;0.4223824;-0.3588216;0.7921569;0.1921569;0.2588235
0.06337052;0.4223824;-0.3588216;0.7921569;0.1921569;0.2588235
0.07174344;0.4217339;-0.3610743;0.7921569;0.1921569;0.2588235
0.07174344;0.4217339;-0.3610743;0.7921569;0.1921569;0.2588235
0.08407256;0.4195076;-0.3621747;0.7921569;0.1921569;0.2588235
0.08407256;0.4195076;-0.3621747;0.7921569;0.1921569;0.2588235
0.08668838;0.4187893;-0.3623015;0.7921569;0.1921569;0.2588235
0.08668838;0.4187893;-0.3623015;0.7921569;0.1921569;0.2588235
0.09309729;0.4171524;-0.3626559;0.7921569;0.1921569;0.2588235
0.09309729;0.4171524;-0.3626559;0.7921569;0.1921569;0.2588235
0.09903762;0.4153135;-0.3613861;0.7921569;0.1921569;0.2588235
0.09903762;0.4153135;-0.3613861;0.7921569;0.1921569;0.2588235
0.1004877;0.4149874;-0.3615251;0.7921569;0.1921569;0.2588235
0.1004877;0.4149874;-0.3615251;0.7921569;0.1921569;0.2588235
0.106026;0.4137246;-0.3622544;0.7921569;0.1921569;0.2588235
0.106026;0.4137246;-0.3622544;0.7921569;0.1921569;0.2588235
0.1073388;0.4135119;-0.3626004;0.7921569;0.1921569;0.2588235
0.1073388;0.4135119;-0.3626004;0.7921569;0.1921569;0.2588235
0.1114958;0.4126638;-0.3632845;0.7921569;0.1921569;0.2588235
0.1114958;0.4126638;-0.3632845;0.7921569;0.1921569;0.2588235
0.1136922;0.4121721;-0.3636854;0.7921569;0.1921569;0.2588235
0.1136922;0.4121721;-0.3636854;0.7921569;0.1921569;0.2588235
0.1198405;0.4108284;-0.3645897;0.7921569;0.1921569;0.2588235
0.1198405;0.4108284;-0.3645897;0.7921569;0.1921569;0.2588235
0.1247353;0.409554;-0.3645374;0.7921569;0.1921569;0.2588235
0.1247353;0.409554;-0.3645374;0.7921569;0.1921569;0.2588235
0.1259603;0.4092849;-0.3647519;0.7921569;0.1921569;0.2588235
0.1259603;0.4092849;-0.3647519;0.7921569;0.1921569;0.2588235
0.130682;0.4081067;-0.3648431;0.7921569;0.1921569;0.2588235
0.130682;0.4081067;-0.3648431;0.7921569;0.1921569;0.2588235
0.1318349;0.407801;-0.3649431;0.7921569;0.1921569;0.2588235
0.1318349;0.407801;-0.3649431;0.7921569;0.1921569;0.2588235
0.1355325;0.4069714;-0.365562;0.7921569;0.1921569;0.2588235
0.1355325;0.4069714;-0.365562;0.7921569;0.1921569;0.2588235
0.1374944;0.4065114;-0.3658873;0.7921569;0.1921569;0.2588235
0.1374944;0.4065114;-0.3658873;0.7921569;0.1921569;0.2588235
0.1429829;0.4050042;-0.3666965;0.7921569;0.1921569;0.2588235
0.1429829;0.4050042;-0.3666965;0.7921569;0.1921569;0.2588235
0.1474656;0.4034572;-0.3672265;0.7921569;0.1921569;0.2588235
0.1474656;0.4034572;-0.3672265;0.7921569;0.1921569;0.2588235
0.148616;0.4030137;-0.3673488;0.7921569;0.1921569;0.2588235
0.148616;0.4030137;-0.3673488;0.7921569;0.1921569;0.2588235
0.1521223;0.4015366;-0.3677056;0.7921569;0.1921569;0.2588235
0.1521223;0.4015366;-0.3677056;0.7921569;0.1921569;0.2588235
0.1538981;0.4006786;-0.3678678;0.7921569;0.1921569;0.2588235
0.1538981;0.4006786;-0.3678678;0.7921569;0.1921569;0.2588235
0.1563063;0.3986827;-0.3677466;0.7921569;0.1921569;0.2588235
0.1563063;0.3986827;-0.3677466;0.7921569;0.1921569;0.2588235
0.1597074;0.3959118;-0.3678213;0.7921569;0.1921569;0.2588235
0.1597074;0.3959118;-0.3678213;0.7921569;0.1921569;0.2588235
0.1608174;0.3949211;-0.3678242;0.7921569;0.1921569;0.2588235
0.1608174;0.3949211;-0.3678242;0.7921569;0.1921569;0.2588235
0.1640839;0.3910461;-0.3669665;0.7921569;0.1921569;0.2588235
0.1640839;0.3910461;-0.3669665;0.7921569;0.1921569;0.2588235
0.1669426;0.3874731;-0.3670695;0.7921569;0.1921569;0.2588235
0.1669426;0.3874731;-0.3670695;0.7921569;0.1921569;0.2588235
0.167269;0.3870206;-0.367939;0.7921569;0.1921569;0.2588235
0.167269;0.3870206;-0.367939;0.7921569;0.1921569;0.2588235
0.1697615;0.3834221;-0.3682494;0.7921569;0.1921569;0.2588235
0.1697615;0.3834221;-0.3682494;0.7921569;0.1921569;0.2588235
0.1703732;0.3824864;-0.3683566;0.7921569;0.1921569;0.2588235
0.1703732;0.3824864;-0.3683566;0.7921569;0.1921569;0.2588235
0.1725968;0.3790091;-0.3684059;0.7921569;0.1921569;0.2588235
0.1725968;0.3790091;-0.3684059;0.7921569;0.1921569;0.2588235
0.1735296;0.3774834;-0.3683997;0.7921569;0.1921569;0.2588235
0.1735296;0.3774834;-0.3683997;0.7921569;0.1921569;0.2588235
0.1763331;0.3721832;-0.3687428;0.7921569;0.1921569;0.2588235
0.1763331;0.3721832;-0.3687428;0.7921569;0.1921569;0.2588235
0.178341;0.3673569;-0.3686395;0.7921569;0.1921569;0.2588235
0.178341;0.3673569;-0.3686395;0.7921569;0.1921569;0.2588235
0.1801389;0.3618362;-0.3684696;0.7921569;0.1921569;0.2588235
0.1801389;0.3618362;-0.3684696;0.7921569;0.1921569;0.2588235
0.1816612;0.3563542;-0.3680537;0.7921569;0.1921569;0.2588235
0.1816612;0.3563542;-0.3680537;0.7921569;0.1921569;0.2588235
0.1821787;0.3544697;-0.3678499;0.7921569;0.1921569;0.2588235
0.1821787;0.3544697;-0.3678499;0.7921569;0.1921569;0.2588235
0.1842093;0.3478362;-0.3674008;0.7921569;0.1921569;0.2588235
0.1842093;0.3478362;-0.3674008;0.7921569;0.1921569;0.2588235
0.1864783;0.3418715;-0.3670613;0.7921569;0.1921569;0.2588235
0.1864783;0.3418715;-0.3670613;0.7921569;0.1921569;0.2588235
0.1869328;0.3408118;-0.3670161;0.7921569;0.1921569;0.2588235
0.1869328;0.3408118;-0.3670161;0.7921569;0.1921569;0.2588235
0.1892348;0.3356832;-0.3670547;0.7921569;0.1921569;0.2588235
0.1892348;0.3356832;-0.3670547;0.7921569;0.1921569;0.2588235
0.1930287;0.3271003;-0.3673575;0.7921569;0.1921569;0.2588235
0.1930287;0.3271003;-0.3673575;0.7921569;0.1921569;0.2588235
0.1947199;0.3226955;-0.3676603;0.7921569;0.1921569;0.2588235
0.1947199;0.3226955;-0.3676603;0.7921569;0.1921569;0.2588235
0.1951317;0.3215565;-0.3677145;0.7921569;0.1921569;0.2588235
0.1951317;0.3215565;-0.3677145;0.7921569;0.1921569;0.2588235
0.1965596;0.317013;-0.3679831;0.7921569;0.1921569;0.2588235
0.1965596;0.317013;-0.3679831;0.7921569;0.1921569;0.2588235
0.1968997;0.3158883;-0.3680346;0.7921569;0.1921569;0.2588235
0.1968997;0.3158883;-0.3680346;0.7921569;0.1921569;0.2588235
0.1981654;0.3117093;-0.3683314;0.7921569;0.1921569;0.2588235
0.1981654;0.3117093;-0.3683314;0.7921569;0.1921569;0.2588235
0.1986247;0.3103203;-0.368435;0.7921569;0.1921569;0.2588235
0.1986247;0.3103203;-0.368435;0.7921569;0.1921569;0.2588235
0.1998432;0.3067539;-0.3687701;0.7921569;0.1921569;0.2588235
0.1998432;0.3067539;-0.3687701;0.7921569;0.1921569;0.2588235
0.2004909;0.3048415;-0.3689167;0.7921569;0.1921569;0.2588235
0.2004909;0.3048415;-0.3689167;0.7921569;0.1921569;0.2588235
0.2020559;0.2993625;-0.3693835;0.7921569;0.1921569;0.2588235
0.2020559;0.2993625;-0.3693835;0.7921569;0.1921569;0.2588235
0.2034551;0.2944134;-0.3697727;0.7921569;0.1921569;0.2588235
0.2034551;0.2944134;-0.3697727;0.7921569;0.1921569;0.2588235
0.2048542;0.2897623;-0.3701241;0.7921569;0.1921569;0.2588235
0.2048542;0.2897623;-0.3701241;0.7921569;0.1921569;0.2588235
0.2052738;0.2884134;-0.370249;0.7921569;0.1921569;0.2588235
0.2052738;0.2884134;-0.370249;0.7921569;0.1921569;0.2588235
0.2063767;0.2850036;-0.3706031;0.7921569;0.1921569;0.2588235
0.2063767;0.2850036;-0.3706031;0.7921569;0.1921569;0.2588235
0.2070564;0.2829393;-0.3708327;0.7921569;0.1921569;0.2588235
0.2070564;0.2829393;-0.3708327;0.7921569;0.1921569;0.2588235
0.208397;0.2788635;-0.3714123;0.7921569;0.1921569;0.2588235
0.208397;0.2788635;-0.3714123;0.7921569;0.1921569;0.2588235
0.2087168;0.2778289;-0.3715315;0.7921569;0.1921569;0.2588235
0.2087168;0.2778289;-0.3715315;0.7921569;0.1921569;0.2588235
0.2096799;0.2738326;-0.3719748;0.7921569;0.1921569;0.2588235
0.2096799;0.2738326;-0.3719748;0.7921569;0.1921569;0.2588235
0.2098666;0.2728303;-0.3720694;0.7921569;0.1921569;0.2588235
0.2098666;0.2728303;-0.3720694;0.7921569;0.1921569;0.2588235
0.2103785;0.2694634;-0.3724028;0.7921569;0.1921569;0.2588235
0.2103785;0.2694634;-0.3724028;0.7921569;0.1921569;0.2588235
0.2105779;0.2680124;-0.3725511;0.7921569;0.1921569;0.2588235
0.2105779;0.2680124;-0.3725511;0.7921569;0.1921569;0.2588235
0.2110374;0.2649366;-0.3729678;0.7921569;0.1921569;0.2588235
0.2110374;0.2649366;-0.3729678;0.7921569;0.1921569;0.2588235
0.2113884;0.2631827;-0.3731425;0.7921569;0.1921569;0.2588235
0.2113884;0.2631827;-0.3731425;0.7921569;0.1921569;0.2588235
0.212644;0.2580256;-0.3735347;0.7921569;0.1921569;0.2588235
0.212644;0.2580256;-0.3735347;0.7921569;0.1921569;0.2588235
0.213668;0.2533434;-0.3735722;0.7921569;0.1921569;0.2588235
0.213668;0.2533434;-0.3735722;0.7921569;0.1921569;0.2588235
0.2130131;0.2529458;-0.3762954;0.7921569;0.1921569;0.2588235
0.2130131;0.2529458;-0.3762954;0.7921569;0.1921569;0.2588235
0.2133437;0.2492675;-0.3761798;0.7921569;0.1921569;0.2588235
0.2133437;0.2492675;-0.3761798;0.7921569;0.1921569;0.2588235
0.2134158;0.2480605;-0.376094;0.7921569;0.1921569;0.2588235
0.2134158;0.2480605;-0.376094;0.7921569;0.1921569;0.2588235
0.2136982;0.2434245;-0.3756986;0.7921569;0.1921569;0.2588235
0.2136982;0.2434245;-0.3756986;0.7921569;0.1921569;0.2588235
0.2139862;0.2398625;-0.375127;0.7921569;0.1921569;0.2588235
0.2139862;0.2398625;-0.375127;0.7921569;0.1921569;0.2588235
0.2143704;0.2357591;-0.374768;0.7921569;0.1921569;0.2588235
0.2143704;0.2357591;-0.374768;0.7921569;0.1921569;0.2588235
0.2157587;0.2322681;-0.372439;0.7921569;0.1921569;0.2588235
0.2157587;0.2322681;-0.372439;0.7921569;0.1921569;0.2588235
0.2159231;0.2312438;-0.372486;0.7921569;0.1921569;0.2588235
0.2159231;0.2312438;-0.372486;0.7921569;0.1921569;0.2588235
0.2163344;0.2292253;-0.3725399;0.7921569;0.1921569;0.2588235
0.2163344;0.2292253;-0.3725399;0.7921569;0.1921569;0.2588235
0.2166807;0.2277145;-0.3725234;0.7921569;0.1921569;0.2588235
0.2166807;0.2277145;-0.3725234;0.7921569;0.1921569;0.2588235
0.2171488;0.2251377;-0.3725173;0.7921569;0.1921569;0.2588235
0.2171488;0.2251377;-0.3725173;0.7921569;0.1921569;0.2588235
0.2173468;0.2223141;-0.3725564;0.7921569;0.1921569;0.2588235
0.2173468;0.2223141;-0.3725564;0.7921569;0.1921569;0.2588235
0.2202321;0.2195427;-0.3652724;0.7921569;0.1921569;0.2588235
0.2202321;0.2195427;-0.3652724;0.7921569;0.1921569;0.2588235
0.2202212;0.2171355;-0.36509;0.7921569;0.1921569;0.2588235
0.2202212;0.2171355;-0.36509;0.7921569;0.1921569;0.2588235
0.2201314;0.2147878;-0.3646916;0.7921569;0.1921569;0.2588235
0.2201314;0.2147878;-0.3646916;0.7921569;0.1921569;0.2588235
0.2201403;0.2134737;-0.3642951;0.7921569;0.1921569;0.2588235
0.2201403;0.2134737;-0.3642951;0.7921569;0.1921569;0.2588235
0.2195111;0.2096868;-0.3646412;0.7921569;0.1921569;0.2588235
0.2195111;0.2096868;-0.3646412;0.7921569;0.1921569;0.2588235
0.2188453;0.2081834;-0.365393;0.7921569;0.1921569;0.2588235
0.2188453;0.2081834;-0.365393;0.7921569;0.1921569;0.2588235
0.2178524;0.2065072;-0.3655998;0.7921569;0.1921569;0.2588235
0.2178524;0.2065072;-0.3655998;0.7921569;0.1921569;0.2588235
0.2169916;0.2060433;-0.3663565;0.7921569;0.1921569;0.2588235
0.2169916;0.2060433;-0.3663565;0.7921569;0.1921569;0.2588235
0.2158497;0.2049336;-0.3666087;0.7921569;0.1921569;0.2588235
0.2158497;0.2049336;-0.3666087;0.7921569;0.1921569;0.2588235
0.2149374;0.2058015;-0.3688632;0.7921569;0.1921569;0.2588235
0.2149374;0.2058015;-0.3688632;0.7921569;0.1921569;0.2588235
0.21391;0.2045106;-0.3682396;0.7921569;0.1921569;0.2588235
0.21391;0.2045106;-0.3682396;0.7921569;0.1921569;0.2588235
0.2124906;0.2036584;-0.3675009;0.7921569;0.1921569;0.2588235
0.2124906;0.2036584;-0.3675009;0.7921569;0.1921569;0.2588235
0.2111286;0.2031126;-0.3673261;0.7921569;0.1921569;0.2588235
0.2111286;0.2031126;-0.3673261;0.7921569;0.1921569;0.2588235
0.2090517;0.2031952;-0.3679255;0.7921569;0.1921569;0.2588235
0.2090517;0.2031952;-0.3679255;0.7921569;0.1921569;0.2588235
0.2075579;0.2037669;-0.3688228;0.7921569;0.1921569;0.2588235
0.2075579;0.2037669;-0.3688228;0.7921569;0.1921569;0.2588235
0.2051649;0.2050399;-0.3707733;0.7921569;0.1921569;0.2588235
0.2051649;0.2050399;-0.3707733;0.7921569;0.1921569;0.2588235
0.2003473;0.2063869;-0.373094;0.7921569;0.1921569;0.2588235
0.2003473;0.2063869;-0.373094;0.7921569;0.1921569;0.2588235
0.1966445;0.2071485;-0.3748364;0.7921569;0.1921569;0.2588235
0.1966445;0.2071485;-0.3748364;0.7921569;0.1921569;0.2588235
0.1935795;0.2077681;-0.3767215;0.7921569;0.1921569;0.2588235
