0.1578617;0.3484202;-0.2135518;0;0;0
0.1571908;0.3489673;-0.214602;0;0;0
0.1571908;0.3489673;-0.214602;0;0;0
0.1556007;0.3493991;-0.2166278;0;0;0
0.1556007;0.3493991;-0.2166278;0;0;0
0.1548704;0.3494407;-0.2175504;0;0;0
0.1548704;0.3494407;-0.2175504;0;0;0
0.1533024;0.3492069;-0.219632;0;0;0
0.1533024;0.3492069;-0.219632;0;0;0
0.1502354;0.3489593;-0.2227794;0;0;0
0.1502354;0.3489593;-0.2227794;0;0;0
0.1492975;0.3489643;-0.2234257;0;0;0
0.1492975;0.3489643;-0.2234257;0;0;0
0.1464089;0.3490468;-0.2255626;0;0;0
0.1464089;0.3490468;-0.2255626;0;0;0
0.144634;0.3491195;-0.2267421;0;0;0
0.144634;0.3491195;-0.2267421;0;0;0
0.1410881;0.349343;-0.228641;0;0;0
0.1410881;0.349343;-0.228641;0;0;0
0.1386102;0.3495706;-0.2300329;0;0;0
0.1386102;0.3495706;-0.2300329;0;0;0
0.1330215;0.3501069;-0.2328422;0;0;0
0.1330215;0.3501069;-0.2328422;0;0;0
0.1316096;0.350241;-0.23357;0;0;0
0.1316096;0.350241;-0.23357;0;0;0
0.1257393;0.3508932;-0.2362871;0;0;0
0.1257393;0.3508932;-0.2362871;0;0;0
0.1242401;0.3510271;-0.2370042;0;0;0
0.1242401;0.3510271;-0.2370042;0;0;0
0.1191664;0.3514383;-0.2394973;0;0;0
0.1191664;0.3514383;-0.2394973;0;0;0
0.1162364;0.3516131;-0.240865;0;0;0
0.1162364;0.3516131;-0.240865;0;0;0
0.1106111;0.3517633;-0.2432449;0;0;0
0.1106111;0.3517633;-0.2432449;0;0;0
0.1074991;0.3516169;-0.2446877;0;0;0
0.1074991;0.3516169;-0.2446877;0;0;0
0.100234;0.351148;-0.2477407;0;0;0
0.100234;0.351148;-0.2477407;0;0;0
0.09832762;0.3510727;-0.2485727;0;0;0
0.09832762;0.3510727;-0.2485727;0;0;0
0.08981967;0.35116;-0.251899;0;0;0
0.08981967;0.35116;-0.251899;0;0;0
0.07929107;0.3513265;-0.2558428;0;0;0
0.07929107;0.3513265;-0.2558428;0;0;0
0.07095253;0.3512539;-0.2587885;0;0;0
0.07095253;0.3512539;-0.2587885;0;0;0
0.06883095;0.3512294;-0.2595285;0;0;0
0.06883095;0.3512294;-0.2595285;0;0;0
0.06075589;0.3513456;-0.2618757;0;0;0
0.06075589;0.3513456;-0.2618757;0;0;0
0.0579762;0.3514234;-0.2626796;0;0;0
0.0579762;0.3514234;-0.2626796;0;0;0
0.04625025;0.3518083;-0.2655584;0;0;0
0.04625025;0.3518083;-0.2655584;0;0;0
0.03540746;0.3522003;-0.2676985;0;0;0
0.03540746;0.3522003;-0.2676985;0;0;0
0.03344985;0.352286;-0.2680181;0;0;0
0.03344985;0.352286;-0.2680181;0;0;0
0.02289895;0.3525744;-0.2695397;0;0;0
0.02289895;0.3525744;-0.2695397;0;0;0
0.02017839;0.3525879;-0.2699232;0;0;0
0.02017839;0.3525879;-0.2699232;0;0;0
0.006209838;0.3522326;-0.2716295;0;0;0
0.006209838;0.3522326;-0.2716295;0;0;0
-0.008185153;0.351411;-0.2727842;0;0;0
-0.008185153;0.351411;-0.2727842;0;0;0
-0.02022978;0.3505365;-0.2733548;0;0;0
-0.02022978;0.3505365;-0.2733548;0;0;0
-0.02235304;0.3504031;-0.2734494;0;0;0
-0.02235304;0.3504031;-0.2734494;0;0;0
-0.0327674;0.3498376;-0.2737422;0;0;0
-0.0327674;0.3498376;-0.2737422;0;0;0
-0.03691887;0.3496433;-0.2737005;0;0;0
-0.03691887;0.3496433;-0.2737005;0;0;0
-0.04588741;0.349294;-0.2734077;0;0;0
-0.04588741;0.349294;-0.2734077;0;0;0
-0.05075756;0.3490399;-0.2731422;0;0;0
-0.05075756;0.3490399;-0.2731422;0;0;0
-0.07417967;0.3470374;-0.2701998;0;0;0
-0.07417967;0.3470374;-0.2701998;0;0;0
-0.07748256;0.34684;-0.2695794;0;0;0
-0.07748256;0.34684;-0.2695794;0;0;0
-0.08598872;0.3458058;-0.2679559;0;0;0
-0.08598872;0.3458058;-0.2679559;0;0;0
-0.08894249;0.3454347;-0.2671943;0;0;0
-0.08894249;0.3454347;-0.2671943;0;0;0
-0.1007692;0.3439437;-0.2636032;0;0;0
-0.1007692;0.3439437;-0.2636032;0;0;0
-0.1124721;0.3422187;-0.2589121;0;0;0
-0.1124721;0.3422187;-0.2589121;0;0;0
-0.1226335;0.3404776;-0.254158;0;0;0
-0.1226335;0.3404776;-0.254158;0;0;0
-0.1243975;0.3401503;-0.2532429;0;0;0
-0.1243975;0.3401503;-0.2532429;0;0;0
-0.1326098;0.3380566;-0.2490395;0;0;0
-0.1326098;0.3380566;-0.2490395;0;0;0
-0.1351725;0.3374098;-0.2474048;0;0;0
-0.1351725;0.3374098;-0.2474048;0;0;0
-0.1449166;0.3348287;-0.2405277;0;0;0
-0.1449166;0.3348287;-0.2405277;0;0;0
-0.1521862;0.3339883;-0.2318227;0;0;0
-0.1521862;0.3339883;-0.2318227;0;0;0
-0.1535375;0.3335878;-0.2306314;0;0;0
-0.1535375;0.3335878;-0.2306314;0;0;0
-0.1605574;0.3314176;-0.2235903;0;0;0
-0.1605574;0.3314176;-0.2235903;0;0;0
-0.1670534;0.3284408;-0.2162751;0;0;0
-0.1670534;0.3284408;-0.2162751;0;0;0
-0.1688159;0.3275476;-0.2138137;0;0;0
-0.1688159;0.3275476;-0.2138137;0;0;0
-0.1740623;0.3241684;-0.20667;0;0;0
-0.1740623;0.3241684;-0.20667;0;0;0
-0.1784616;0.3214068;-0.1999617;0;0;0
-0.1784616;0.3214068;-0.1999617;0;0;0
-0.179557;0.3205809;-0.1984016;0;0;0
-0.179557;0.3205809;-0.1984016;0;0;0
-0.1830433;0.3178059;-0.1916615;0;0;0
-0.1830433;0.3178059;-0.1916615;0;0;0
-0.1839951;0.3168584;-0.1894499;0;0;0
-0.1839951;0.3168584;-0.1894499;0;0;0
-0.1860749;0.3142371;-0.1843421;0;0;0
-0.1860749;0.3142371;-0.1843421;0;0;0
-0.186796;0.3130212;-0.1812568;0;0;0
-0.186796;0.3130212;-0.1812568;0;0;0
-0.1885996;0.3092427;-0.1728852;0;0;0
-0.1885996;0.3092427;-0.1728852;0;0;0
-0.1900411;0.3059295;-0.165653;0;0;0
-0.1900411;0.3059295;-0.165653;0;0;0
-0.1904206;0.3049864;-0.163803;0;0;0
-0.1904206;0.3049864;-0.163803;0;0;0
-0.1921046;0.301429;-0.1561867;0;0;0
-0.1921046;0.301429;-0.1561867;0;0;0
-0.1927277;0.3000076;-0.1537806;0;0;0
-0.1927277;0.3000076;-0.1537806;0;0;0
-0.1949589;0.2946825;-0.1431051;0;0;0
-0.1949589;0.2946825;-0.1431051;0;0;0
-0.1962505;0.2901505;-0.1342217;0;0;0
-0.1962505;0.2901505;-0.1342217;0;0;0
-0.1964249;0.2894106;-0.1325043;0;0;0
-0.1964249;0.2894106;-0.1325043;0;0;0
-0.1971031;0.2855009;-0.1232738;0;0;0
-0.1971031;0.2855009;-0.1232738;0;0;0
-0.1972082;0.2845567;-0.1210772;0;0;0
-0.1972082;0.2845567;-0.1210772;0;0;0
-0.1974226;0.2815293;-0.1135861;0;0;0
-0.1974226;0.2815293;-0.1135861;0;0;0
-0.1973945;0.2801619;-0.1104546;0;0;0
-0.1973945;0.2801619;-0.1104546;0;0;0
-0.1972489;0.2775318;-0.1030614;0;0;0
-0.1972489;0.2775318;-0.1030614;0;0;0
-0.1970333;0.2761683;-0.09905028;0;0;0
-0.1970333;0.2761683;-0.09905028;0;0;0
-0.1960131;0.2729972;-0.09033012;0;0;0
-0.1960131;0.2729972;-0.09033012;0;0;0
-0.1956075;0.2722371;-0.08812857;0;0;0
-0.1956075;0.2722371;-0.08812857;0;0;0
-0.1934536;0.2691575;-0.07970333;0;0;0
-0.1934536;0.2691575;-0.07970333;0;0;0
-0.1927826;0.2683846;-0.07757115;0;0;0
-0.1927826;0.2683846;-0.07757115;0;0;0
-0.1903698;0.2657706;-0.0703851;0;0;0
-0.1903698;0.2657706;-0.0703851;0;0;0
-0.1853698;0.2609597;-0.05620217;0;0;0
-0.1853698;0.2609597;-0.05620217;0;0;0
-0.1822345;0.2580728;-0.04826427;0;0;0
-0.1822345;0.2580728;-0.04826427;0;0;0
-0.1813109;0.2574356;-0.04618347;0;0;0
-0.1813109;0.2574356;-0.04618347;0;0;0
-0.1772683;0.2551315;-0.03891158;0;0;0
-0.1772683;0.2551315;-0.03891158;0;0;0
-0.1756401;0.2544052;-0.03648126;0;0;0
-0.1756401;0.2544052;-0.03648126;0;0;0
-0.1694059;0.2520077;-0.02781093;0;0;0
-0.1694059;0.2520077;-0.02781093;0;0;0
-0.1650506;0.2505261;-0.02178407;0;0;0
-0.1650506;0.2505261;-0.02178407;0;0;0
-0.1624002;0.2496007;-0.01810884;0;0;0
-0.1624002;0.2496007;-0.01810884;0;0;0
-0.1571639;0.2479412;-0.01077437;0;0;0
-0.1571639;0.2479412;-0.01077437;0;0;0
-0.1558113;0.2475515;-0.008910179;0;0;0
-0.1558113;0.2475515;-0.008910179;0;0;0
-0.1499219;0.2461028;-0.001945376;0;0;0
-0.1499219;0.2461028;-0.001945376;0;0;0
-0.1483126;0.2458484;-0.0002061129;0;0;0
-0.1483126;0.2458484;-0.0002061129;0;0;0
-0.142801;0.2452071;0.005271196;0;0;0
-0.142801;0.2452071;0.005271196;0;0;0
-0.1396171;0.244792;0.007916451;0;0;0
-0.1396171;0.244792;0.007916451;0;0;0
-0.1347503;0.2444652;0.0123328;0;0;0
-0.1347503;0.2444652;0.0123328;0;0;0
-0.1308746;0.2442932;0.01593447;0;0;0
-0.1308746;0.2442932;0.01593447;0;0;0
-0.1240017;0.2440753;0.02219069;0;0;0
-0.1240017;0.2440753;0.02219069;0;0;0
-0.1222367;0.2440622;0.02375245;0;0;0
-0.1222367;0.2440622;0.02375245;0;0;0
-0.1163946;0.2440446;0.02858758;0;0;0
-0.1163946;0.2440446;0.02858758;0;0;0
-0.1130287;0.2441276;0.03110754;0;0;0
-0.1130287;0.2441276;0.03110754;0;0;0
-0.1071557;0.2443697;0.03518903;0;0;0
-0.1071557;0.2443697;0.03518903;0;0;0
-0.1033126;0.2446936;0.0379405;0;0;0
-0.1033126;0.2446936;0.0379405;0;0;0
-0.09776668;0.2450369;0.04133856;0;0;0
-0.09776668;0.2450369;0.04133856;0;0;0
-0.09314659;0.2454651;0.04406941;0;0;0
-0.09314659;0.2454651;0.04406941;0;0;0
-0.08404399;0.2463684;0.04878569;0;0;0
-0.08404399;0.2463684;0.04878569;0;0;0
-0.08240767;0.2466177;0.04964101;0;0;0
-0.08240767;0.2466177;0.04964101;0;0;0
-0.07567367;0.2476747;0.05316484;0;0;0
-0.07567367;0.2476747;0.05316484;0;0;0
-0.07197157;0.2481882;0.05502677;0;0;0
-0.07197157;0.2481882;0.05502677;0;0;0
-0.06515761;0.2491317;0.05815482;0;0;0
-0.06515761;0.2491317;0.05815482;0;0;0
-0.06297082;0.249475;0.05913436;0;0;0
-0.06297082;0.249475;0.05913436;0;0;0
-0.0550491;0.2506827;0.06217587;0;0;0
-0.0550491;0.2506827;0.06217587;0;0;0
-0.0515877;0.2511616;0.06332159;0;0;0
-0.0515877;0.2511616;0.06332159;0;0;0
-0.04143395;0.2524208;0.06642687;0;0;0
-0.04143395;0.2524208;0.06642687;0;0;0
-0.0390254;0.2527563;0.06710541;0;0;0
-0.0390254;0.2527563;0.06710541;0;0;0
-0.02929118;0.2541203;0.06966054;0;0;0
-0.02929118;0.2541203;0.06966054;0;0;0
-0.02740706;0.2543637;0.07013273;0;0;0
-0.02740706;0.2543637;0.07013273;0;0;0
-0.01767242;0.2556394;0.07253408;0;0;0
-0.01767242;0.2556394;0.07253408;0;0;0
-0.01521573;0.2558958;0.07311916;0;0;0
-0.01521573;0.2558958;0.07311916;0;0;0
-0.00655047;0.2568882;0.07508934;0;0;0
-0.00655047;0.2568882;0.07508934;0;0;0
-0.00287123;0.2573367;0.07592332;0;0;0
-0.00287123;0.2573367;0.07592332;0;0;0
0.009417428;0.2589738;0.07878375;0;0;0
0.009417428;0.2589738;0.07878375;0;0;0
0.02007084;0.2601483;0.08089387;0;0;0
0.02007084;0.2601483;0.08089387;0;0;0
0.0219708;0.260349;0.0812161;0;0;0
0.0219708;0.260349;0.0812161;0;0;0
0.0324868;0.2615818;0.08271253;0;0;0
0.0324868;0.2615818;0.08271253;0;0;0
0.03529846;0.262007;0.08308208;0;0;0
0.03529846;0.262007;0.08308208;0;0;0
0.04497509;0.2634008;0.08391857;0;0;0
0.04497509;0.2634008;0.08391857;0;0;0
0.04917327;0.2639574;0.08414805;0;0;0
0.04917327;0.2639574;0.08414805;0;0;0
0.07829244;0.2680889;0.08347654;0;0;0
0.07829244;0.2680889;0.08347654;0;0;0
0.08987644;0.269759;0.08190119;0;0;0
0.08987644;0.269759;0.08190119;0;0;0
0.09279528;0.2701744;0.08139253;0;0;0
0.09279528;0.2701744;0.08139253;0;0;0
0.1074371;0.2721785;0.07793474;0;0;0
0.1074371;0.2721785;0.07793474;0;0;0
0.1223281;0.2745541;0.07363641;0;0;0
0.1223281;0.2745541;0.07363641;0;0;0
0.1343058;0.2764803;0.06916714;0;0;0
0.1343058;0.2764803;0.06916714;0;0;0
0.1364421;0.2768169;0.06827211;0;0;0
0.1364421;0.2768169;0.06827211;0;0;0
0.1463614;0.2784235;0.06369233;0;0;0
0.1463614;0.2784235;0.06369233;0;0;0
0.1496044;0.2789485;0.06204593;0;0;0
0.1496044;0.2789485;0.06204593;0;0;0
0.1623106;0.281065;0.05481207;0;0;0
0.1623106;0.281065;0.05481207;0;0;0
0.1728066;0.2830954;0.04812121;0;0;0
0.1728066;0.2830954;0.04812121;0;0;0
0.174575;0.2834396;0.04688883;0;0;0
0.174575;0.2834396;0.04688883;0;0;0
0.1833181;0.2852095;0.04020536;0;0;0
0.1833181;0.2852095;0.04020536;0;0;0
0.1859226;0.2858234;0.03797436;0;0;0
0.1859226;0.2858234;0.03797436;0;0;0
0.1925918;0.2877403;0.03187168;0;0;0
0.1925918;0.2877403;0.03187168;0;0;0
0.1949478;0.288543;0.02969372;0;0;0
0.1949478;0.288543;0.02969372;0;0;0
0.2003763;0.2909561;0.02394795;0;0;0
0.2003763;0.2909561;0.02394795;0;0;0
0.202951;0.2923985;0.02074492;0;0;0
0.202951;0.2923985;0.02074492;0;0;0
0.2086101;0.2961206;0.01293778;0;0;0
0.2086101;0.2961206;0.01293778;0;0;0
0.2098377;0.2969588;0.01095402;0;0;0
0.2098377;0.2969588;0.01095402;0;0;0
0.2149032;0.3001753;0.002740026;0;0;0
0.2149032;0.3001753;0.002740026;0;0;0
0.2168371;0.3012367;-0.00052917;0;0;0
0.2168371;0.3012367;-0.00052917;0;0;0
0.2201797;0.3030654;-0.006687164;0;0;0
0.2201797;0.3030654;-0.006687164;0;0;0
0.2221921;0.3042068;-0.01064014;0;0;0
0.2221921;0.3042068;-0.01064014;0;0;0
0.2270957;0.3071328;-0.02239573;0;0;0
0.2270957;0.3071328;-0.02239573;0;0;0
0.2305475;0.3093087;-0.03203177;0;0;0
0.2305475;0.3093087;-0.03203177;0;0;0
0.2324165;0.311029;-0.03933704;0;0;0
0.2324165;0.311029;-0.03933704;0;0;0
0.2317612;0.3149236;-0.04699385;0;0;0
0.2317612;0.3149236;-0.04699385;0;0;0
0.2318285;0.3162586;-0.0517025;0;0;0
0.2318285;0.3162586;-0.0517025;0;0;0
0.2318254;0.3169633;-0.05400157;0;0;0
0.2318254;0.3169633;-0.05400157;0;0;0
0.2321674;0.3202593;-0.06272483;0;0;0
0.2321674;0.3202593;-0.06272483;0;0;0
0.2322012;0.3219818;-0.06729436;0;0;0
0.2322012;0.3219818;-0.06729436;0;0;0
0.2324008;0.3236202;-0.07173443;0;0;0
0.2324008;0.3236202;-0.07173443;0;0;0
0.2323674;0.3252768;-0.07619381;0;0;0
0.2323674;0.3252768;-0.07619381;0;0;0
0.2317053;0.3270751;-0.08047462;0;0;0
0.2317053;0.3270751;-0.08047462;0;0;0
0.2305113;0.3296821;-0.08677673;0;0;0
0.2305113;0.3296821;-0.08677673;0;0;0
0.2293708;0.331674;-0.09151626;0;0;0
0.2293708;0.331674;-0.09151626;0;0;0
0.2281296;0.3333788;-0.09493721;0;0;0
0.2281296;0.3333788;-0.09493721;0;0;0
0.2263188;0.3357287;-0.09975815;0;0;0
0.2263188;0.3357287;-0.09975815;0;0;0
0.2249192;0.3374342;-0.1031642;0;0;0
0.2249192;0.3374342;-0.1031642;0;0;0
0.221807;0.3407631;-0.1081947;0;0;0
0.221807;0.3407631;-0.1081947;0;0;0
0.2193945;0.3430823;-0.1110972;0;0;0
0.2193945;0.3430823;-0.1110972;0;0;0
0.21857;0.3439956;-0.1129229;0;0;0
0.21857;0.3439956;-0.1129229;0;0;0
0.2158119;0.3466675;-0.1185619;0;0;0
0.2158119;0.3466675;-0.1185619;0;0;0
0.2143739;0.3478279;-0.12183;0;0;0
0.2143739;0.3478279;-0.12183;0;0;0
0.2124922;0.3488646;-0.125578;0;0;0
0.2124922;0.3488646;-0.125578;0;0;0
0.2041009;0.3516986;-0.1393481;0;0;0
0.2041009;0.3516986;-0.1393481;0;0;0
0.2015584;0.3524442;-0.1431888;0;0;0
0.2015584;0.3524442;-0.1431888;0;0;0
0.1995491;0.3529088;-0.1466584;0;0;0
0.1995491;0.3529088;-0.1466584;0;0;0
0.1966808;0.3538226;-0.1492993;0;0;0
0.1966808;0.3538226;-0.1492993;0;0;0
0.1956331;0.3540583;-0.1508474;0;0;0
0.1956331;0.3540583;-0.1508474;0;0;0
0.1920995;0.3544443;-0.1555713;0;0;0
0.1920995;0.3544443;-0.1555713;0;0;0
0.1883785;0.3551197;-0.1594605;0;0;0
0.1883785;0.3551197;-0.1594605;0;0;0
0.1856417;0.3551053;-0.1621516;0;0;0
0.1856417;0.3551053;-0.1621516;0;0;0
0.1831793;0.3549646;-0.164788;0;0;0
0.1831793;0.3549646;-0.164788;0;0;0
0.1803753;0.3546534;-0.1673501;0;0;0
0.1803753;0.3546534;-0.1673501;0;0;0
0.1766648;0.3544793;-0.170532;0;0;0
0.1766648;0.3544793;-0.170532;0;0;0
0.1736192;0.3542244;-0.1735135;0;0;0
0.1736192;0.3542244;-0.1735135;0;0;0
0.1709438;0.3540328;-0.1759787;0;0;0
0.1709438;0.3540328;-0.1759787;0;0;0
0.1675814;0.353946;-0.1785052;0;0;0
0.1675814;0.353946;-0.1785052;0;0;0
0.1657241;0.3537051;-0.1806853;0;0;0
0.1657241;0.3537051;-0.1806853;0;0;0
0.1638515;0.3536594;-0.183053;0;0;0
0.1638515;0.3536594;-0.183053;0;0;0
0.1624726;0.3539052;-0.1850641;0;0;0
0.1624726;0.3539052;-0.1850641;0;0;0
0.1617469;0.3542191;-0.1887619;0;0;0
0.1617469;0.3542191;-0.1887619;0;0;0
0.1614918;0.3543837;-0.1898876;0;0;0
0.1614918;0.3543837;-0.1898876;0;0;0
0.1605524;0.3545691;-0.1942595;0;0;0
0.1605524;0.3545691;-0.1942595;0;0;0
0.1593168;0.354565;-0.1965044;0;0;0
0.1593168;0.354565;-0.1965044;0;0;0
0.157876;0.3544703;-0.1982851;0;0;0
0.157876;0.3544703;-0.1982851;0;0;0
0.1561242;0.3543804;-0.1997843;0;0;0
0.1561242;0.3543804;-0.1997843;0;0;0
0.1542376;0.3536897;-0.2021213;0;0;0
0.1542376;0.3536897;-0.2021213;0;0;0
0.1533664;0.353436;-0.2029877;0;0;0
0.1533664;0.353436;-0.2029877;0;0;0
0.1517491;0.3527712;-0.2050831;0;0;0
0.1517491;0.3527712;-0.2050831;0;0;0
0.1505264;0.35238;-0.2077613;0;0;0
0.1505264;0.35238;-0.2077613;0;0;0
0.1498739;0.3523845;-0.2088374;0;0;0
0.1498739;0.3523845;-0.2088374;0;0;0
0.1494001;0.3520831;-0.210179;0;0;0
0.1494001;0.3520831;-0.210179;0;0;0
0.1482217;0.3516484;-0.2117606;0;0;0
0.1482217;0.3516484;-0.2117606;0;0;0
0.146947;0.350628;-0.2142895;0;0;0
0.146947;0.350628;-0.2142895;0;0;0
0.1465006;0.3501701;-0.2163152;0;0;0
0.1465006;0.3501701;-0.2163152;0;0;0
0.1463904;0.3503405;-0.217298;0;0;0
0.1463904;0.3503405;-0.217298;0;0;0
0.1465054;0.3501968;-0.2186098;0;0;0
0.1465054;0.3501968;-0.2186098;0;0;0
0.1466456;0.3498921;-0.2196788;0;0;0
0.1466456;0.3498921;-0.2196788;0;0;0
0.1460505;0.3494111;-0.2203563;0;0;0
0.1460505;0.3494111;-0.2203563;0;0;0
0.1451711;0.3483873;-0.2207863;0;0;0
0.1451711;0.3483873;-0.2207863;0;0;0
0.1442243;0.3476386;-0.2209581;0;0;0
0.1442243;0.3476386;-0.2209581;0;0;0
0.1446389;0.3481205;-0.219964;0;0;0
0.1446389;0.3481205;-0.219964;0;0;0
0.1457905;0.3490518;-0.2185885;0;0;0
0.1457905;0.3490518;-0.2185885;0;0;0
0.1464732;0.349595;-0.2176108;0;0;0
0.122919;-0.2616642;-0.1785014;0;0;0
0.1221746;-0.2610989;-0.178902;0;0;0
0.1221746;-0.2610989;-0.178902;0;0;0
0.1200312;-0.2599196;-0.1799546;0;0;0
0.1200312;-0.2599196;-0.1799546;0;0;0
0.1078687;-0.2583215;-0.1836967;0;0;0
0.1078687;-0.2583215;-0.1836967;0;0;0
0.1048274;-0.2580617;-0.1844999;0;0;0
0.1048274;-0.2580617;-0.1844999;0;0;0
0.1019856;-0.2578461;-0.1852272;0;0;0
0.1019856;-0.2578461;-0.1852272;0;0;0
0.09853021;-0.2577104;-0.1862484;0;0;0
0.09853021;-0.2577104;-0.1862484;0;0;0
0.09240686;-0.2575807;-0.1881723;0;0;0
0.09240686;-0.2575807;-0.1881723;0;0;0
0.08890458;-0.2571498;-0.1889393;0;0;0
0.08890458;-0.2571498;-0.1889393;0;0;0
0.08348675;-0.2563024;-0.1899859;0;0;0
0.08348675;-0.2563024;-0.1899859;0;0;0
0.08001627;-0.2558655;-0.1906574;0;0;0
0.08001627;-0.2558655;-0.1906574;0;0;0
0.07260752;-0.255036;-0.1919836;0;0;0
0.07260752;-0.255036;-0.1919836;0;0;0
0.0668309;-0.2544785;-0.1928865;0;0;0
0.0668309;-0.2544785;-0.1928865;0;0;0
0.06217241;-0.2542158;-0.193646;0;0;0
0.06217241;-0.2542158;-0.193646;0;0;0
0.05662964;-0.2539032;-0.1944749;0;0;0
0.05662964;-0.2539032;-0.1944749;0;0;0
0.04831359;-0.2533777;-0.1956298;0;0;0
0.04831359;-0.2533777;-0.1956298;0;0;0
0.04271951;-0.2531331;-0.1965071;0;0;0
0.04271951;-0.2531331;-0.1965071;0;0;0
0.03989068;-0.2530029;-0.1969382;0;0;0
0.03989068;-0.2530029;-0.1969382;0;0;0
0.02878393;-0.2522987;-0.1985477;0;0;0
0.02878393;-0.2522987;-0.1985477;0;0;0
0.02294314;-0.2519058;-0.1993679;0;0;0
0.02294314;-0.2519058;-0.1993679;0;0;0
0.01713018;-0.2514529;-0.200157;0;0;0
0.01713018;-0.2514529;-0.200157;0;0;0
0.01122219;-0.2509585;-0.2010173;0;0;0
0.01122219;-0.2509585;-0.2010173;0;0;0
0.003972067;-0.2501803;-0.2019033;0;0;0
0.003972067;-0.2501803;-0.2019033;0;0;0
-0.0004490479;-0.2497148;-0.2024186;0;0;0
-0.0004490479;-0.2497148;-0.2024186;0;0;0
-0.00919779;-0.2487443;-0.2034377;0;0;0
-0.00919779;-0.2487443;-0.2034377;0;0;0
-0.01509961;-0.2481336;-0.2040036;0;0;0
-0.01509961;-0.2481336;-0.2040036;0;0;0
-0.02186719;-0.2474612;-0.204583;0;0;0
-0.02186719;-0.2474612;-0.204583;0;0;0
-0.02403562;-0.2473157;-0.2047948;0;0;0
-0.02403562;-0.2473157;-0.2047948;0;0;0
-0.03366813;-0.2462452;-0.2053666;0;0;0
-0.03366813;-0.2462452;-0.2053666;0;0;0
-0.03963493;-0.245629;-0.2056665;0;0;0
-0.03963493;-0.245629;-0.2056665;0;0;0
-0.04550117;-0.2451344;-0.2058609;0;0;0
-0.04550117;-0.2451344;-0.2058609;0;0;0
-0.0546643;-0.2444487;-0.2059511;0;0;0
-0.0546643;-0.2444487;-0.2059511;0;0;0
-0.06238452;-0.2438478;-0.2057061;0;0;0
-0.06238452;-0.2438478;-0.2057061;0;0;0
-0.06695951;-0.2435753;-0.2055738;0;0;0
-0.06695951;-0.2435753;-0.2055738;0;0;0
-0.07610177;-0.2431578;-0.2051314;0;0;0
-0.07610177;-0.2431578;-0.2051314;0;0;0
-0.08209836;-0.2430668;-0.2047569;0;0;0
-0.08209836;-0.2430668;-0.2047569;0;0;0
-0.09361413;-0.2433533;-0.2038687;0;0;0
-0.09361413;-0.2433533;-0.2038687;0;0;0
-0.09937225;-0.2435795;-0.2031264;0;0;0
-0.09937225;-0.2435795;-0.2031264;0;0;0
-0.1078439;-0.2442187;-0.201787;0;0;0
-0.1078439;-0.2442187;-0.201787;0;0;0
-0.1107573;-0.2445869;-0.2013233;0;0;0
-0.1107573;-0.2445869;-0.2013233;0;0;0
-0.1196722;-0.2455247;-0.1992821;0;0;0
-0.1196722;-0.2455247;-0.1992821;0;0;0
-0.1244954;-0.2462547;-0.1980753;0;0;0
-0.1244954;-0.2462547;-0.1980753;0;0;0
-0.1298814;-0.2472747;-0.1966307;0;0;0
-0.1298814;-0.2472747;-0.1966307;0;0;0
-0.1375069;-0.249022;-0.1943151;0;0;0
-0.1375069;-0.249022;-0.1943151;0;0;0
-0.1425011;-0.2501837;-0.1925049;0;0;0
-0.1425011;-0.2501837;-0.1925049;0;0;0
-0.147248;-0.2514815;-0.1907402;0;0;0
-0.147248;-0.2514815;-0.1907402;0;0;0
-0.151808;-0.2526587;-0.1887395;0;0;0
-0.151808;-0.2526587;-0.1887395;0;0;0
-0.1582149;-0.2546611;-0.1857157;0;0;0
-0.1582149;-0.2546611;-0.1857157;0;0;0
-0.1662858;-0.2579061;-0.1813039;0;0;0
-0.1662858;-0.2579061;-0.1813039;0;0;0
-0.1676589;-0.2584064;-0.1803819;0;0;0
-0.1676589;-0.2584064;-0.1803819;0;0;0
-0.1731983;-0.2605592;-0.1765014;0;0;0
-0.1731983;-0.2605592;-0.1765014;0;0;0
-0.1780265;-0.2621788;-0.1724454;0;0;0
-0.1780265;-0.2621788;-0.1724454;0;0;0
-0.1842623;-0.2645059;-0.1667734;0;0;0
-0.1842623;-0.2645059;-0.1667734;0;0;0
-0.1873823;-0.2655575;-0.1636328;0;0;0
-0.1873823;-0.2655575;-0.1636328;0;0;0
-0.1888896;-0.2660202;-0.1620002;0;0;0
-0.1888896;-0.2660202;-0.1620002;0;0;0
-0.2002833;-0.2697503;-0.1472093;0;0;0
-0.2002833;-0.2697503;-0.1472093;0;0;0
-0.2019911;-0.2703511;-0.1443303;0;0;0
-0.2019911;-0.2703511;-0.1443303;0;0;0
-0.2041492;-0.27103;-0.1404063;0;0;0
-0.2041492;-0.27103;-0.1404063;0;0;0
-0.2074564;-0.2724899;-0.1340485;0;0;0
-0.2074564;-0.2724899;-0.1340485;0;0;0
-0.2090476;-0.2730189;-0.1303895;0;0;0
-0.2090476;-0.2730189;-0.1303895;0;0;0
-0.2107073;-0.2736841;-0.1261628;0;0;0
-0.2107073;-0.2736841;-0.1261628;0;0;0
-0.2123016;-0.2742642;-0.1217716;0;0;0
-0.2123016;-0.2742642;-0.1217716;0;0;0
-0.2137764;-0.2748887;-0.1173545;0;0;0
-0.2137764;-0.2748887;-0.1173545;0;0;0
-0.2156743;-0.2758993;-0.1105428;0;0;0
-0.2156743;-0.2758993;-0.1105428;0;0;0
-0.2171987;-0.2769385;-0.1033088;0;0;0
-0.2171987;-0.2769385;-0.1033088;0;0;0
-0.2188218;-0.2785569;-0.09350419;0;0;0
-0.2188218;-0.2785569;-0.09350419;0;0;0
-0.2193596;-0.2794279;-0.0882653;0;0;0
-0.2193596;-0.2794279;-0.0882653;0;0;0
-0.2198373;-0.2805948;-0.08241272;0;0;0
-0.2198373;-0.2805948;-0.08241272;0;0;0
-0.2201744;-0.2814606;-0.07769513;0;0;0
-0.2201744;-0.2814606;-0.07769513;0;0;0
-0.2206783;-0.283072;-0.07181263;0;0;0
-0.2206783;-0.283072;-0.07181263;0;0;0
-0.2213379;-0.2846791;-0.06326258;0;0;0
-0.2213379;-0.2846791;-0.06326258;0;0;0
-0.2218363;-0.2858341;-0.05732989;0;0;0
-0.2218363;-0.2858341;-0.05732989;0;0;0
-0.2224967;-0.287546;-0.05098772;0;0;0
-0.2224967;-0.287546;-0.05098772;0;0;0
-0.2228296;-0.2885803;-0.04563832;0;0;0
-0.2228296;-0.2885803;-0.04563832;0;0;0
-0.2231843;-0.289967;-0.03968728;0;0;0
-0.2231843;-0.289967;-0.03968728;0;0;0
-0.2233819;-0.2918698;-0.03084898;0;0;0
-0.2233819;-0.2918698;-0.03084898;0;0;0
-0.2231937;-0.2928623;-0.02474475;0;0;0
-0.2231937;-0.2928623;-0.02474475;0;0;0
-0.2227816;-0.2938826;-0.01872504;0;0;0
-0.2227816;-0.2938826;-0.01872504;0;0;0
-0.2221569;-0.2958966;-0.01211989;0;0;0
-0.2221569;-0.2958966;-0.01211989;0;0;0
-0.2214865;-0.2965731;-0.007769346;0;0;0
-0.2214865;-0.2965731;-0.007769346;0;0;0
-0.2196445;-0.2976623;0.0009785891;0;0;0
-0.2196445;-0.2976623;0.0009785891;0;0;0
-0.2171362;-0.2960418;0.007796168;0;0;0
-0.2171362;-0.2960418;0.007796168;0;0;0
-0.2138874;-0.2969356;0.01609552;0;0;0
-0.2138874;-0.2969356;0.01609552;0;0;0
-0.210286;-0.298304;0.0238874;0;0;0
-0.210286;-0.298304;0.0238874;0;0;0
-0.2057274;-0.2998207;0.03262436;0;0;0
-0.2057274;-0.2998207;0.03262436;0;0;0
-0.2035968;-0.3002682;0.03638291;0;0;0
-0.2035968;-0.3002682;0.03638291;0;0;0
-0.2008063;-0.3012773;0.04102981;0;0;0
-0.2008063;-0.3012773;0.04102981;0;0;0
-0.1993875;-0.3018164;0.04328811;0;0;0
-0.1993875;-0.3018164;0.04328811;0;0;0
-0.1940449;-0.3004793;0.05401969;0;0;0
-0.1940449;-0.3004793;0.05401969;0;0;0
-0.1908086;-0.3008828;0.05880034;0;0;0
-0.1908086;-0.3008828;0.05880034;0;0;0
-0.1893083;-0.3009479;0.06138253;0;0;0
-0.1893083;-0.3009479;0.06138253;0;0;0
-0.1840183;-0.3018541;0.06885421;0;0;0
-0.1840183;-0.3018541;0.06885421;0;0;0
-0.1790228;-0.3034309;0.07473886;0;0;0
-0.1790228;-0.3034309;0.07473886;0;0;0
-0.1746143;-0.3041955;0.07973433;0;0;0
-0.1746143;-0.3041955;0.07973433;0;0;0
-0.172575;-0.304573;0.08196712;0;0;0
-0.172575;-0.304573;0.08196712;0;0;0
-0.1650645;-0.3078178;0.08950591;0;0;0
-0.1650645;-0.3078178;0.08950591;0;0;0
-0.1576979;-0.3105294;0.09679961;0;0;0
-0.1576979;-0.3105294;0.09679961;0;0;0
-0.1538125;-0.3118233;0.1004819;0;0;0
-0.1538125;-0.3118233;0.1004819;0;0;0
-0.1494417;-0.3132919;0.1045461;0;0;0
-0.1494417;-0.3132919;0.1045461;0;0;0
-0.1428702;-0.3149028;0.1106862;0;0;0
-0.1428702;-0.3149028;0.1106862;0;0;0
-0.1384423;-0.3171501;0.1143136;0;0;0
-0.1384423;-0.3171501;0.1143136;0;0;0
-0.1311778;-0.3187031;0.1201279;0;0;0
-0.1311778;-0.3187031;0.1201279;0;0;0
-0.1259523;-0.319782;0.1238189;0;0;0
-0.1259523;-0.319782;0.1238189;0;0;0
-0.1205107;-0.3212975;0.1271889;0;0;0
-0.1205107;-0.3212975;0.1271889;0;0;0
-0.1134055;-0.3228705;0.1312145;0;0;0
-0.1134055;-0.3228705;0.1312145;0;0;0
-0.1089885;-0.3237876;0.1335241;0;0;0
-0.1089885;-0.3237876;0.1335241;0;0;0
-0.09966869;-0.3259677;0.1377128;0;0;0
-0.09966869;-0.3259677;0.1377128;0;0;0
-0.09635279;-0.3264717;0.1391462;0;0;0
-0.09635279;-0.3264717;0.1391462;0;0;0
-0.0881749;-0.3280961;0.1423903;0;0;0
-0.0881749;-0.3280961;0.1423903;0;0;0
-0.07066151;-0.3311269;0.148647;0;0;0
-0.07066151;-0.3311269;0.148647;0;0;0
-0.06642969;-0.3316779;0.1500521;0;0;0
-0.06642969;-0.3316779;0.1500521;0;0;0
-0.05520649;-0.3339971;0.1533109;0;0;0
-0.05520649;-0.3339971;0.1533109;0;0;0
-0.04171685;-0.3358709;0.1569074;0;0;0
-0.04171685;-0.3358709;0.1569074;0;0;0
-0.03440653;-0.3373643;0.1586707;0;0;0
-0.03440653;-0.3373643;0.1586707;0;0;0
-0.02226298;-0.3395317;0.1612965;0;0;0
-0.02226298;-0.3395317;0.1612965;0;0;0
-0.01469714;-0.3407031;0.1627562;0;0;0
-0.01469714;-0.3407031;0.1627562;0;0;0
-0.0108208;-0.3414702;0.1634755;0;0;0
-0.0108208;-0.3414702;0.1634755;0;0;0
0.001431401;-0.3431101;0.165433;0;0;0
0.001431401;-0.3431101;0.165433;0;0;0
0.008071695;-0.3440501;0.1663131;0;0;0
0.008071695;-0.3440501;0.1663131;0;0;0
0.01557383;-0.3449175;0.1671997;0;0;0
0.01557383;-0.3449175;0.1671997;0;0;0
0.02641469;-0.3457012;0.1683105;0;0;0
0.02641469;-0.3457012;0.1683105;0;0;0
0.0335632;-0.3459787;0.1688794;0;0;0
0.0335632;-0.3459787;0.1688794;0;0;0
0.03932291;-0.3433248;0.1700429;0;0;0
0.03932291;-0.3433248;0.1700429;0;0;0
0.04991205;-0.3430679;0.1703539;0;0;0
0.04991205;-0.3430679;0.1703539;0;0;0
0.05705676;-0.3428278;0.1703455;0;0;0
0.05705676;-0.3428278;0.1703455;0;0;0
0.06621262;-0.3427202;0.1699594;0;0;0
0.06621262;-0.3427202;0.1699594;0;0;0
0.07139578;-0.3425129;0.1697123;0;0;0
0.07139578;-0.3425129;0.1697123;0;0;0
0.08173968;-0.3428324;0.1686827;0;0;0
0.08173968;-0.3428324;0.1686827;0;0;0
0.08855208;-0.3424791;0.1680465;0;0;0
0.08855208;-0.3424791;0.1680465;0;0;0
0.09523057;-0.3419692;0.1671226;0;0;0
0.09523057;-0.3419692;0.1671226;0;0;0
0.09862978;-0.34169;0.1665827;0;0;0
0.09862978;-0.34169;0.1665827;0;0;0
0.1073129;-0.3389808;0.1654215;0;0;0
0.1073129;-0.3389808;0.1654215;0;0;0
0.1166647;-0.3378243;0.1632438;0;0;0
0.1166647;-0.3378243;0.1632438;0;0;0
0.1196573;-0.3374003;0.1624407;0;0;0
0.1196573;-0.3374003;0.1624407;0;0;0
0.1295881;-0.3347177;0.1598382;0;0;0
0.1295881;-0.3347177;0.1598382;0;0;0
0.1338684;-0.3339245;0.1583375;0;0;0
0.1338684;-0.3339245;0.1583375;0;0;0
0.1404218;-0.3322321;0.1560487;0;0;0
0.1404218;-0.3322321;0.1560487;0;0;0
0.1461282;-0.3306556;0.1538771;0;0;0
0.1461282;-0.3306556;0.1538771;0;0;0
0.1489065;-0.3299857;0.1526051;0;0;0
0.1489065;-0.3299857;0.1526051;0;0;0
0.1592465;-0.327438;0.1474499;0;0;0
0.1592465;-0.327438;0.1474499;0;0;0
0.1640688;-0.3261346;0.1446522;0;0;0
0.1640688;-0.3261346;0.1446522;0;0;0
0.1681939;-0.3247673;0.1419721;0;0;0
0.1681939;-0.3247673;0.1419721;0;0;0
0.1739737;-0.3228313;0.1373422;0;0;0
0.1739737;-0.3228313;0.1373422;0;0;0
0.1758273;-0.3222694;0.1357113;0;0;0
0.1758273;-0.3222694;0.1357113;0;0;0
0.1814919;-0.3203509;0.1301967;0;0;0
0.1814919;-0.3203509;0.1301967;0;0;0
0.1844138;-0.3192826;0.1270801;0;0;0
0.1844138;-0.3192826;0.1270801;0;0;0
0.1879391;-0.3187577;0.1231387;0;0;0
0.1879391;-0.3187577;0.1231387;0;0;0
0.1953489;-0.3153963;0.1133556;0;0;0
0.1953489;-0.3153963;0.1133556;0;0;0
0.1984933;-0.3146945;0.1089076;0;0;0
0.1984933;-0.3146945;0.1089076;0;0;0
0.2010477;-0.3132849;0.1046277;0;0;0
0.2010477;-0.3132849;0.1046277;0;0;0
0.2036203;-0.3121868;0.1000909;0;0;0
0.2036203;-0.3121868;0.1000909;0;0;0
0.2075562;-0.3109774;0.093099;0;0;0
0.2075562;-0.3109774;0.093099;0;0;0
0.2098746;-0.3099291;0.08847868;0;0;0
0.2098746;-0.3099291;0.08847868;0;0;0
0.2120126;-0.3089868;0.08382583;0;0;0
0.2120126;-0.3089868;0.08382583;0;0;0
0.2142071;-0.3082343;0.07920527;0;0;0
0.2142071;-0.3082343;0.07920527;0;0;0
0.2169063;-0.3074864;0.07190061;0;0;0
0.2169063;-0.3074864;0.07190061;0;0;0
0.2199083;-0.3064134;0.06213069;0;0;0
0.2199083;-0.3064134;0.06213069;0;0;0
0.2213348;-0.3059273;0.05643153;0;0;0
0.2213348;-0.3059273;0.05643153;0;0;0
0.2216836;-0.305652;0.05453885;0;0;0
0.2216836;-0.305652;0.05453885;0;0;0
0.22297;-0.3051822;0.04525423;0;0;0
0.22297;-0.3051822;0.04525423;0;0;0
0.2233376;-0.3046357;0.0382874;0;0;0
0.2233376;-0.3046357;0.0382874;0;0;0
0.2229849;-0.3072331;0.01645648;0;0;0
0.2229849;-0.3072331;0.01645648;0;0;0
0.2230616;-0.3075401;0.01081288;0;0;0
0.2230616;-0.3075401;0.01081288;0;0;0
0.2231523;-0.3075862;0.005763769;0;0;0
0.2231523;-0.3075862;0.005763769;0;0;0
0.2230132;-0.3073731;0.0006873608;0;0;0
0.2230132;-0.3073731;0.0006873608;0;0;0
0.2220156;-0.3068203;-0.006999254;0;0;0
0.2220156;-0.3068203;-0.006999254;0;0;0
0.221549;-0.3065004;-0.009510398;0;0;0
0.221549;-0.3065004;-0.009510398;0;0;0
0.219969;-0.3054859;-0.01698494;0;0;0
0.219969;-0.3054859;-0.01698494;0;0;0
0.2188093;-0.3047768;-0.02190173;0;0;0
0.2188093;-0.3047768;-0.02190173;0;0;0
0.217615;-0.3042114;-0.0267874;0;0;0
0.217615;-0.3042114;-0.0267874;0;0;0
0.2158223;-0.3035796;-0.03334296;0;0;0
0.2158223;-0.3035796;-0.03334296;0;0;0
0.2143502;-0.3032567;-0.03865051;0;0;0
0.2143502;-0.3032567;-0.03865051;0;0;0
0.2131149;-0.3030393;-0.0433296;0;0;0
0.2131149;-0.3030393;-0.0433296;0;0;0
0.2118665;-0.302805;-0.04800808;0;0;0
0.2118665;-0.302805;-0.04800808;0;0;0
0.209786;-0.3022797;-0.05494165;0;0;0
0.209786;-0.3022797;-0.05494165;0;0;0
0.2063436;-0.3014688;-0.06419277;0;0;0
0.2063436;-0.3014688;-0.06419277;0;0;0
0.2044468;-0.3009965;-0.06880081;0;0;0
0.2044468;-0.3009965;-0.06880081;0;0;0
0.2035342;-0.3007925;-0.07107472;0;0;0
0.2035342;-0.3007925;-0.07107472;0;0;0
0.2007027;-0.2996337;-0.07767534;0;0;0
0.2007027;-0.2996337;-0.07767534;0;0;0
0.1975933;-0.29846;-0.08455515;0;0;0
0.1975933;-0.29846;-0.08455515;0;0;0
0.1951968;-0.2975688;-0.08943856;0;0;0
0.1951968;-0.2975688;-0.08943856;0;0;0
0.1929252;-0.2968495;-0.09375811;0;0;0
0.1929252;-0.2968495;-0.09375811;0;0;0
0.1905138;-0.2962294;-0.09807003;0;0;0
0.1905138;-0.2962294;-0.09807003;0;0;0
0.1845142;-0.2946979;-0.1082426;0;0;0
0.1845142;-0.2946979;-0.1082426;0;0;0
0.1822907;-0.2938969;-0.1121621;0;0;0
0.1822907;-0.2938969;-0.1121621;0;0;0
0.1801157;-0.2931049;-0.1161566;0;0;0
0.1801157;-0.2931049;-0.1161566;0;0;0
0.1779773;-0.2922853;-0.1200982;0;0;0
0.1779773;-0.2922853;-0.1200982;0;0;0
0.1746368;-0.2911363;-0.125867;0;0;0
0.1746368;-0.2911363;-0.125867;0;0;0
0.172038;-0.2903754;-0.1296425;0;0;0
0.172038;-0.2903754;-0.1296425;0;0;0
0.1693762;-0.2896499;-0.1333296;0;0;0
0.1693762;-0.2896499;-0.1333296;0;0;0
0.166246;-0.2886504;-0.1375861;0;0;0
0.166246;-0.2886504;-0.1375861;0;0;0
0.1642749;-0.2880093;-0.1402367;0;0;0
0.1642749;-0.2880093;-0.1402367;0;0;0
0.1604865;-0.2864929;-0.1455005;0;0;0
0.1604865;-0.2864929;-0.1455005;0;0;0
0.1578869;-0.2851525;-0.1494056;0;0;0
0.1578869;-0.2851525;-0.1494056;0;0;0
0.1559708;-0.2839871;-0.1524147;0;0;0
0.1559708;-0.2839871;-0.1524147;0;0;0
0.154912;-0.2832828;-0.1541158;0;0;0
0.154912;-0.2832828;-0.1541158;0;0;0
0.150872;-0.2803071;-0.160707;0;0;0
0.150872;-0.2803071;-0.160707;0;0;0
0.1484153;-0.2786505;-0.1642648;0;0;0
0.1484153;-0.2786505;-0.1642648;0;0;0
0.1464356;-0.2774;-0.1669357;0;0;0
0.1464356;-0.2774;-0.1669357;0;0;0
0.1443283;-0.2759022;-0.1698842;0;0;0
0.1443283;-0.2759022;-0.1698842;0;0;0
0.1433987;-0.2752652;-0.1714019;0;0;0
0.1433987;-0.2752652;-0.1714019;0;0;0
0.1402152;-0.2719481;-0.1768938;0;0;0
0.1402152;-0.2719481;-0.1768938;0;0;0
0.1388167;-0.2702968;-0.1795143;0;0;0
0.1388167;-0.2702968;-0.1795143;0;0;0
0.1360733;-0.2663812;-0.1844424;0;0;0
0.1360733;-0.2663812;-0.1844424;0;0;0
0.1348336;-0.2643504;-0.1864733;0;0;0
0.1348336;-0.2643504;-0.1864733;0;0;0
0.1326718;-0.2612773;-0.1889877;0;0;0
0.1326718;-0.2612773;-0.1889877;0;0;0
0.1308213;-0.2592432;-0.1903034;0;0;0
0.1308213;-0.2592432;-0.1903034;0;0;0
0.128671;-0.2573413;-0.1913441;0;0;0
0.128671;-0.2573413;-0.1913441;0;0;0
0.1255849;-0.25485;-0.1923627;0;0;0
0.1255849;-0.25485;-0.1923627;0;0;0
0.1243405;-0.253786;-0.1927202;0;0;0
0.1243405;-0.253786;-0.1927202;0;0;0
0.1214562;-0.2513417;-0.1932447;0;0;0
0.1214562;-0.2513417;-0.1932447;0;0;0
0.1196492;-0.2498321;-0.1933804;0;0;0
0.1196492;-0.2498321;-0.1933804;0;0;0
0.1186363;-0.2490472;-0.193452;0;0;0
0.1186363;-0.2490472;-0.193452;0;0;0
0.1138697;-0.2457733;-0.1920964;0;0;0
0.1138697;-0.2457733;-0.1920964;0;0;0
0.1136786;-0.2451399;-0.1902483;0;0;0
0.1377797;0.2645712;0.05041337;0;0;0
0.1382174;0.2654106;0.0509913;0;0;0
0.1382174;0.2654106;0.0509913;0;0;0
0.138241;0.2653983;0.05222189;0;0;0
0.138241;0.2653983;0.05222189;0;0;0
0.1381708;0.2644931;0.05268407;0;0;0
0.1381708;0.2644931;0.05268407;0;0;0
0.1384062;0.2624674;0.05305099;0;0;0
0.1384062;0.2624674;0.05305099;0;0;0
0.138486;0.2615068;0.05335546;0;0;0
0.138486;0.2615068;0.05335546;0;0;0
0.1386812;0.2603476;0.05374563;0;0;0
0.1386812;0.2603476;0.05374563;0;0;0
0.1386802;0.2581115;0.05433118;0;0;0
0.1386802;0.2581115;0.05433118;0;0;0
0.1387478;0.2563058;0.05497754;0;0;0
0.1387478;0.2563058;0.05497754;0;0;0
0.1388192;0.2520178;0.05639994;0;0;0
0.1388192;0.2520178;0.05639994;0;0;0
0.1388223;0.2496184;0.05749011;0;0;0
0.1388223;0.2496184;0.05749011;0;0;0
0.1388578;0.248047;0.05829036;0;0;0
0.1388578;0.248047;0.05829036;0;0;0
0.1389371;0.2420007;0.06144094;0;0;0
0.1389371;0.2420007;0.06144094;0;0;0
0.1389479;0.2388741;0.0626297;0;0;0
0.1389479;0.2388741;0.0626297;0;0;0
0.1391911;0.2352418;0.06445003;0;0;0
0.1391911;0.2352418;0.06445003;0;0;0
0.1392085;0.2309663;0.06584513;0;0;0
0.1392085;0.2309663;0.06584513;0;0;0
0.1391854;0.2238978;0.06802571;0;0;0
0.1391854;0.2238978;0.06802571;0;0;0
0.1395668;0.204262;0.07131839;0;0;0
0.1395668;0.204262;0.07131839;0;0;0
0.1393483;0.1996386;0.07253671;0;0;0
0.1393483;0.1996386;0.07253671;0;0;0
0.1391171;0.1901145;0.07409048;0;0;0
0.1391171;0.1901145;0.07409048;0;0;0
0.1385746;0.1747165;0.07589459;0;0;0
0.1385746;0.1747165;0.07589459;0;0;0
0.1381052;0.1662057;0.07638276;0;0;0
0.1381052;0.1662057;0.07638276;0;0;0
0.1379296;0.1619421;0.07672226;0;0;0
0.1379296;0.1619421;0.07672226;0;0;0
0.1370501;0.1439668;0.07758892;0;0;0
0.1370501;0.1439668;0.07758892;0;0;0
0.1367116;0.1346283;0.07795894;0;0;0
0.1367116;0.1346283;0.07795894;0;0;0
0.1365206;0.1253807;0.07855988;0;0;0
0.1365206;0.1253807;0.07855988;0;0;0
0.1363298;0.1111383;0.07946467;0;0;0
0.1363298;0.1111383;0.07946467;0;0;0
0.1362658;0.1063173;0.07981384;0;0;0
0.1362658;0.1063173;0.07981384;0;0;0
0.1360476;0.09023558;0.08084404;0;0;0
0.1360476;0.09023558;0.08084404;0;0;0
0.1359389;0.08128218;0.08136582;0;0;0
0.1359389;0.08128218;0.08136582;0;0;0
0.1357975;0.07097112;0.08203554;0;0;0
0.1357975;0.07097112;0.08203554;0;0;0
0.1356121;0.05422817;0.08324873;0;0;0
0.1356121;0.05422817;0.08324873;0;0;0
0.1355115;0.04500178;0.08381689;0;0;0
0.1355115;0.04500178;0.08381689;0;0;0
0.1354648;0.03436793;0.08437622;0;0;0
0.1354648;0.03436793;0.08437622;0;0;0
0.1354457;0.01855534;0.08546782;0;0;0
0.1354457;0.01855534;0.08546782;0;0;0
0.1355141;0.01323693;0.08575809;0;0;0
0.1355141;0.01323693;0.08575809;0;0;0
0.1356937;0.008047815;0.08787084;0;0;0
0.1356937;0.008047815;0.08787084;0;0;0
0.1356222;-0.01195695;0.09069562;0;0;0
0.1356222;-0.01195695;0.09069562;0;0;0
0.1355572;-0.01728438;0.09130073;0;0;0
0.1355572;-0.01728438;0.09130073;0;0;0
0.1360852;-0.0319262;0.09314132;0;0;0
0.1360852;-0.0319262;0.09314132;0;0;0
0.1360956;-0.0423103;0.09421694;0;0;0
0.1360956;-0.0423103;0.09421694;0;0;0
0.1362349;-0.04716524;0.09465671;0;0;0
0.1362349;-0.04716524;0.09465671;0;0;0
0.1367391;-0.06706118;0.0962441;0;0;0
0.1367391;-0.06706118;0.0962441;0;0;0
0.1368698;-0.07708564;0.09710836;0;0;0
0.1368698;-0.07708564;0.09710836;0;0;0
0.1368085;-0.08234025;0.0971595;0;0;0
0.1368085;-0.08234025;0.0971595;0;0;0
0.1369931;-0.1022963;0.09836686;0;0;0
0.1369931;-0.1022963;0.09836686;0;0;0
0.1370449;-0.1073054;0.09875941;0;0;0
0.1370449;-0.1073054;0.09875941;0;0;0
0.1371487;-0.1206601;0.1006712;0;0;0
0.1371487;-0.1206601;0.1006712;0;0;0
0.1372069;-0.1296723;0.1015285;0;0;0
0.1372069;-0.1296723;0.1015285;0;0;0
0.1374119;-0.1384247;0.1022742;0;0;0
0.1374119;-0.1384247;0.1022742;0;0;0
0.1377141;-0.1592074;0.1037005;0;0;0
0.1377141;-0.1592074;0.1037005;0;0;0
0.1380552;-0.1666303;0.1044168;0;0;0
0.1380552;-0.1666303;0.1044168;0;0;0
0.1384117;-0.1740848;0.1048255;0;0;0
0.1384117;-0.1740848;0.1048255;0;0;0
0.139727;-0.1795097;0.1055038;0;0;0
0.139727;-0.1795097;0.1055038;0;0;0
0.1405563;-0.189326;0.1062331;0;0;0
0.1405563;-0.189326;0.1062331;0;0;0
0.141064;-0.19608;0.1066918;0;0;0
0.141064;-0.19608;0.1066918;0;0;0
0.1414571;-0.2027944;0.1069343;0;0;0
0.1414571;-0.2027944;0.1069343;0;0;0
0.1421279;-0.2103264;0.1075995;0;0;0
0.1421279;-0.2103264;0.1075995;0;0;0
0.1426755;-0.2179771;0.1081825;0;0;0
0.1426755;-0.2179771;0.1081825;0;0;0
0.142914;-0.2208373;0.1084704;0;0;0
0.142914;-0.2208373;0.1084704;0;0;0
0.1445508;-0.2284696;0.109394;0;0;0
0.1445508;-0.2284696;0.109394;0;0;0
0.1452213;-0.2337036;0.1096855;0;0;0
0.1452213;-0.2337036;0.1096855;0;0;0
0.1461736;-0.2468639;0.1095743;0;0;0
0.1461736;-0.2468639;0.1095743;0;0;0
0.1467362;-0.2518528;0.1091624;0;0;0
0.1467362;-0.2518528;0.1091624;0;0;0
0.1473013;-0.2565182;0.1090752;0;0;0
0.1473013;-0.2565182;0.1090752;0;0;0
0.1479229;-0.2616095;0.1082155;0;0;0
0.1479229;-0.2616095;0.1082155;0;0;0
0.1487604;-0.2689316;0.1069061;0;0;0
0.1487604;-0.2689316;0.1069061;0;0;0
0.1504509;-0.2776756;0.1046153;0;0;0
0.1504509;-0.2776756;0.1046153;0;0;0
0.150901;-0.2803493;0.1039488;0;0;0
0.150901;-0.2803493;0.1039488;0;0;0
0.1517403;-0.2859574;0.1027557;0;0;0
0.1517403;-0.2859574;0.1027557;0;0;0
0.1540248;-0.3054122;0.09821332;0;0;0
0.1540248;-0.3054122;0.09821332;0;0;0
0.1546479;-0.3086837;0.09760749;0;0;0
0.1546479;-0.3086837;0.09760749;0;0;0
0.1553997;-0.3159493;0.09647071;0;0;0
0.1553997;-0.3159493;0.09647071;0;0;0
0.1557212;-0.3187773;0.0961287;0;0;0
0.1557212;-0.3187773;0.0961287;0;0;0
0.1563979;-0.3255138;0.09520948;0;0;0
0.1563979;-0.3255138;0.09520948;0;0;0
0.1569605;-0.3295636;0.09487593;0;0;0
0.1569605;-0.3295636;0.09487593;0;0;0
0.1575724;-0.3338635;0.09426463;0;0;0
0.1575724;-0.3338635;0.09426463;0;0;0
0.1581792;-0.3393699;0.09347904;0;0;0
0.1581792;-0.3393699;0.09347904;0;0;0
0.1590065;-0.3437702;0.09294045;0;0;0
0.1590065;-0.3437702;0.09294045;0;0;0
0.1596673;-0.3473593;0.09237754;0;0;0
0.1596673;-0.3473593;0.09237754;0;0;0
0.1602015;-0.351177;0.09205282;0;0;0
0.1602015;-0.351177;0.09205282;0;0;0
0.1605586;-0.353957;0.09221411;0;0;0
0.1605586;-0.353957;0.09221411;0;0;0
0.1607276;-0.3553133;0.0922668;0;0;0
0.1607276;-0.3553133;0.0922668;0;0;0
0.1611515;-0.3591656;0.09227097;0;0;0
0.1611515;-0.3591656;0.09227097;0;0;0
0.1614492;-0.362079;0.09277391;0;0;0
0.1614492;-0.362079;0.09277391;0;0;0
0.1619467;-0.3656961;0.09339547;0;0;0
0.1619467;-0.3656961;0.09339547;0;0;0
0.1626069;-0.3683167;0.09370077;0;0;0
0.1626069;-0.3683167;0.09370077;0;0;0
0.163393;-0.3695396;0.09390461;0;0;0
0.163393;-0.3695396;0.09390461;0;0;0
0.1636783;-0.3667309;0.09464455;0;0;0
0.1636783;-0.3667309;0.09464455;0;0;0
0.1636928;-0.3645438;0.09458494;0;0;0
0.1636928;-0.3645438;0.09458494;0;0;0
0.1636964;-0.363123;0.09448266;0;0;0
0.1636964;-0.363123;0.09448266;0;0;0
0.1637757;-0.3577635;0.09370649;0;0;0
0.1637757;-0.3577635;0.09370649;0;0;0
0.1638336;-0.3530301;0.09288538;0;0;0
-0.06181666;0.2509286;0.06102383;0;0;0
-0.06328204;0.2494703;0.06173897;0;0;0
-0.06328204;0.2494703;0.06173897;0;0;0
-0.06386325;0.2487496;0.0621208;0;0;0
-0.06386325;0.2487496;0.0621208;0;0;0
-0.06495912;0.2472022;0.06284881;0;0;0
-0.06495912;0.2472022;0.06284881;0;0;0
-0.06605282;0.2456618;0.06376016;0;0;0
-0.06605282;0.2456618;0.06376016;0;0;0
-0.06718429;0.2440844;0.064744;0;0;0
-0.06718429;0.2440844;0.064744;0;0;0
-0.06874397;0.2413341;0.06616771;0;0;0
-0.06874397;0.2413341;0.06616771;0;0;0
-0.06943924;0.2397248;0.0667851;0;0;0
-0.06943924;0.2397248;0.0667851;0;0;0
-0.07025567;0.2376172;0.06738138;0;0;0
-0.07025567;0.2376172;0.06738138;0;0;0
-0.07099309;0.2351925;0.06803298;0;0;0
-0.07099309;0.2351925;0.06803298;0;0;0
-0.07175367;0.2329584;0.06890118;0;0;0
-0.07175367;0.2329584;0.06890118;0;0;0
-0.07242712;0.2310513;0.06976128;0;0;0
-0.07242712;0.2310513;0.06976128;0;0;0
-0.0730622;0.2290151;0.0707252;0;0;0
-0.0730622;0.2290151;0.0707252;0;0;0
-0.07365864;0.2266878;0.07172394;0;0;0
-0.07365864;0.2266878;0.07172394;0;0;0
-0.07403465;0.2254023;0.0721941;0;0;0
-0.07403465;0.2254023;0.0721941;0;0;0
-0.07594767;0.216736;0.07419074;0;0;0
-0.07594767;0.216736;0.07419074;0;0;0
-0.07672826;0.2114382;0.0752207;0;0;0
-0.07672826;0.2114382;0.0752207;0;0;0
-0.07710158;0.2085029;0.07578278;0;0;0
-0.07710158;0.2085029;0.07578278;0;0;0
-0.07792255;0.2019186;0.07659066;0;0;0
-0.07792255;0.2019186;0.07659066;0;0;0
-0.07830053;0.1972405;0.07718658;0;0;0
-0.07830053;0.1972405;0.07718658;0;0;0
-0.07863878;0.1922797;0.07769668;0;0;0
-0.07863878;0.1922797;0.07769668;0;0;0
-0.07936475;0.1854937;0.07809114;0;0;0
-0.07936475;0.1854937;0.07809114;0;0;0
-0.07969322;0.1813719;0.07868981;0;0;0
-0.07969322;0.1813719;0.07868981;0;0;0
-0.08011919;0.1756538;0.07957673;0;0;0
-0.08011919;0.1756538;0.07957673;0;0;0
-0.08085001;0.1657097;0.08069861;0;0;0
-0.08085001;0.1657097;0.08069861;0;0;0
-0.08114062;0.1601019;0.08151448;0;0;0
-0.08114062;0.1601019;0.08151448;0;0;0
-0.08131813;0.1567725;0.08201742;0;0;0
-0.08131813;0.1567725;0.08201742;0;0;0
-0.08175705;0.1440483;0.0838486;0;0;0
-0.08175705;0.1440483;0.0838486;0;0;0
-0.08184134;0.1395475;0.08446133;0;0;0
-0.08184134;0.1395475;0.08446133;0;0;0
-0.08183213;0.1286969;0.08576894;0;0;0
-0.08183213;0.1286969;0.08576894;0;0;0
-0.08147626;0.1203862;0.086918;0;0;0
-0.08147626;0.1203862;0.086918;0;0;0
-0.08101913;0.103719;0.08912122;0;0;0
-0.08101913;0.103719;0.08912122;0;0;0
-0.08081367;0.09216729;0.09066844;0;0;0
-0.08081367;0.09216729;0.09066844;0;0;0
-0.08031876;0.07493816;0.09322298;0;0;0
-0.08031876;0.07493816;0.09322298;0;0;0
-0.07998224;0.06603798;0.09470594;0;0;0
-0.07998224;0.06603798;0.09470594;0;0;0
-0.07900411;0.04336363;0.09830475;0;0;0
-0.07900411;0.04336363;0.09830475;0;0;0
-0.07853656;0.03394685;0.09973371;0;0;0
-0.07853656;0.03394685;0.09973371;0;0;0
-0.07732206;0.01477641;0.1026292;0;0;0
-0.07732206;0.01477641;0.1026292;0;0;0
-0.07611833;0.0002220145;0.1048968;0;0;0
-0.07611833;0.0002220145;0.1048968;0;0;0
-0.0750489;-0.0107911;0.1064973;0;0;0
-0.0750489;-0.0107911;0.1064973;0;0;0
-0.07465874;-0.0145452;0.1070207;0;0;0
-0.07465874;-0.0145452;0.1070207;0;0;0
-0.07287628;-0.03056046;0.108968;0;0;0
-0.07287628;-0.03056046;0.108968;0;0;0
-0.07173955;-0.03942672;0.1098342;0;0;0
-0.07173955;-0.03942672;0.1098342;0;0;0
-0.07037675;-0.04966688;0.1108004;0;0;0
-0.07037675;-0.04966688;0.1108004;0;0;0
-0.06831335;-0.06513793;0.1123335;0;0;0
-0.06831335;-0.06513793;0.1123335;0;0;0
-0.06713193;-0.07563804;0.1135663;0;0;0
-0.06713193;-0.07563804;0.1135663;0;0;0
-0.064085;-0.1014604;0.1177511;0;0;0
-0.064085;-0.1014604;0.1177511;0;0;0
-0.06355885;-0.1065931;0.1184751;0;0;0
-0.06355885;-0.1065931;0.1184751;0;0;0
-0.06284066;-0.1129872;0.1195281;0;0;0
-0.06284066;-0.1129872;0.1195281;0;0;0
-0.0603385;-0.1330083;0.122833;0;0;0
-0.0603385;-0.1330083;0.122833;0;0;0
-0.05871069;-0.1454455;0.1245649;0;0;0
-0.05871069;-0.1454455;0.1245649;0;0;0
-0.05783442;-0.1515576;0.1254134;0;0;0
-0.05783442;-0.1515576;0.1254134;0;0;0
-0.05558093;-0.167199;0.127049;0;0;0
-0.05558093;-0.167199;0.127049;0;0;0
-0.0539704;-0.1775261;0.1282634;0;0;0
-0.0539704;-0.1775261;0.1282634;0;0;0
-0.05272612;-0.1853288;0.129112;0;0;0
-0.05272612;-0.1853288;0.129112;0;0;0
-0.05146259;-0.1948;0.1292508;0;0;0
-0.05146259;-0.1948;0.1292508;0;0;0
-0.0491747;-0.2070789;0.130371;0;0;0
-0.0491747;-0.2070789;0.130371;0;0;0
-0.04781654;-0.2152497;0.1308486;0;0;0
-0.04781654;-0.2152497;0.1308486;0;0;0
-0.04715517;-0.2191928;0.1311083;0;0;0
-0.04715517;-0.2191928;0.1311083;0;0;0
-0.04537756;-0.23034;0.1318369;0;0;0
-0.04537756;-0.23034;0.1318369;0;0;0
-0.04418991;-0.2375163;0.1323795;0;0;0
-0.04418991;-0.2375163;0.1323795;0;0;0
-0.04309002;-0.2440723;0.1328441;0;0;0
-0.04309002;-0.2440723;0.1328441;0;0;0
-0.04112175;-0.2542998;0.1333427;0;0;0
-0.04112175;-0.2542998;0.1333427;0;0;0
-0.03974105;-0.2583477;0.1343743;0;0;0
-0.03974105;-0.2583477;0.1343743;0;0;0
-0.03781879;-0.2604949;0.1370933;0;0;0
-0.03781879;-0.2604949;0.1370933;0;0;0
-0.0359664;-0.2683757;0.1376387;0;0;0
-0.0359664;-0.2683757;0.1376387;0;0;0
-0.03035323;-0.2870086;0.1399477;0;0;0
-0.03035323;-0.2870086;0.1399477;0;0;0
-0.02942953;-0.2910017;0.1407777;0;0;0
-0.02942953;-0.2910017;0.1407777;0;0;0
-0.02675801;-0.2988133;0.1403662;0;0;0
-0.02675801;-0.2988133;0.1403662;0;0;0
-0.02571618;-0.3019505;0.1402508;0;0;0
-0.02571618;-0.3019505;0.1402508;0;0;0
-0.02461071;-0.3055645;0.1399176;0;0;0
-0.02461071;-0.3055645;0.1399176;0;0;0
-0.02302158;-0.3116923;0.1395915;0;0;0
-0.02302158;-0.3116923;0.1395915;0;0;0
-0.02212428;-0.3158056;0.1392614;0;0;0
-0.02212428;-0.3158056;0.1392614;0;0;0
-0.0211028;-0.3195045;0.1392593;0;0;0
-0.0211028;-0.3195045;0.1392593;0;0;0
-0.02007696;-0.3231634;0.1393107;0;0;0
-0.02007696;-0.3231634;0.1393107;0;0;0
-0.01924977;-0.3272237;0.1390777;0;0;0
-0.01924977;-0.3272237;0.1390777;0;0;0
-0.01811829;-0.3327056;0.1388513;0;0;0
-0.01811829;-0.3327056;0.1388513;0;0;0
-0.01735302;-0.3362535;0.1386255;0;0;0
-0.01735302;-0.3362535;0.1386255;0;0;0
-0.01661047;-0.339364;0.1385285;0;0;0
-0.01661047;-0.339364;0.1385285;0;0;0
-0.01590646;-0.34223;0.1384063;0;0;0
-0.01590646;-0.34223;0.1384063;0;0;0
-0.01512304;-0.344593;0.1383699;0;0;0
-0.01512304;-0.344593;0.1383699;0;0;0
-0.01469705;-0.346717;0.1380172;0;0;0
-0.01469705;-0.346717;0.1380172;0;0;0
-0.01357225;-0.3511252;0.1372135;0;0;0
-0.01357225;-0.3511252;0.1372135;0;0;0
-0.01294598;-0.3532223;0.1368976;0;0;0
-0.01294598;-0.3532223;0.1368976;0;0;0
-0.01285994;-0.3545628;0.1366091;0;0;0
-0.01285994;-0.3545628;0.1366091;0;0;0
-0.01199242;-0.3585149;0.1363163;0;0;0
-0.01199242;-0.3585149;0.1363163;0;0;0
-0.01178813;-0.3599595;0.1362721;0;0;0
-0.01178813;-0.3599595;0.1362721;0;0;0
-0.0116499;-0.3611778;0.1363841;0;0;0
-0.0116499;-0.3611778;0.1363841;0;0;0
-0.01231578;-0.360084;0.1363987;0;0;0
-0.01231578;-0.360084;0.1363987;0;0;0
-0.01304059;-0.3578001;0.1361562;0;0;0
-0.01304059;-0.3578001;0.1361562;0;0;0
-0.0137874;-0.3539917;0.1362678;0;0;0
-0.1858689;0.2410926;-0.04133344;0;0;0
-0.1865967;0.2416262;-0.04046261;0;0;0
-0.1865967;0.2416262;-0.04046261;0;0;0
-0.1866261;0.2421017;-0.03956354;0;0;0
-0.1866261;0.2421017;-0.03956354;0;0;0
-0.1863913;0.2412107;-0.0387677;0;0;0
-0.1863913;0.2412107;-0.0387677;0;0;0
-0.1869055;0.2388094;-0.03838277;0;0;0
-0.1869055;0.2388094;-0.03838277;0;0;0
-0.1876413;0.2376538;-0.03819895;0;0;0
-0.1876413;0.2376538;-0.03819895;0;0;0
-0.1889427;0.2349047;-0.03723133;0;0;0
-0.1889427;0.2349047;-0.03723133;0;0;0
-0.1905731;0.2290803;-0.03643477;0;0;0
-0.1905731;0.2290803;-0.03643477;0;0;0
-0.1907516;0.2280504;-0.03633404;0;0;0
-0.1907516;0.2280504;-0.03633404;0;0;0
-0.1912823;0.2246515;-0.03618312;0;0;0
-0.1912823;0.2246515;-0.03618312;0;0;0
-0.1916937;0.2221111;-0.03614223;0;0;0
-0.1916937;0.2221111;-0.03614223;0;0;0
-0.1919008;0.2207272;-0.03614104;0;0;0
-0.1919008;0.2207272;-0.03614104;0;0;0
-0.1926973;0.2147153;-0.03612721;0;0;0
-0.1926973;0.2147153;-0.03612721;0;0;0
-0.1932772;0.2113274;-0.03598082;0;0;0
-0.1932772;0.2113274;-0.03598082;0;0;0
-0.1942426;0.2078321;-0.03591204;0;0;0
-0.1942426;0.2078321;-0.03591204;0;0;0
-0.1951494;0.2040494;-0.03544891;0;0;0
-0.1951494;0.2040494;-0.03544891;0;0;0
-0.1959974;0.2001004;-0.03494895;0;0;0
-0.1959974;0.2001004;-0.03494895;0;0;0
-0.1972352;0.1939741;-0.03418112;0;0;0
-0.1972352;0.1939741;-0.03418112;0;0;0
-0.1979458;0.1895242;-0.03356647;0;0;0
-0.1979458;0.1895242;-0.03356647;0;0;0
-0.1988559;0.1847845;-0.03297079;0;0;0
-0.1988559;0.1847845;-0.03297079;0;0;0
-0.2013674;0.1708538;-0.03102827;0;0;0
-0.2013674;0.1708538;-0.03102827;0;0;0
-0.2024434;0.1656279;-0.03039718;0;0;0
-0.2024434;0.1656279;-0.03039718;0;0;0
-0.2036392;0.1592865;-0.02943408;0;0;0
-0.2036392;0.1592865;-0.02943408;0;0;0
-0.2050107;0.1526386;-0.02847874;0;0;0
-0.2050107;0.1526386;-0.02847874;0;0;0
-0.2069681;0.1421329;-0.02711654;0;0;0
-0.2069681;0.1421329;-0.02711654;0;0;0
-0.2081663;0.1338658;-0.02612698;0;0;0
-0.2081663;0.1338658;-0.02612698;0;0;0
-0.2093525;0.1254509;-0.02522552;0;0;0
-0.2093525;0.1254509;-0.02522552;0;0;0
-0.2103543;0.1187529;-0.02440941;0;0;0
-0.2103543;0.1187529;-0.02440941;0;0;0
-0.2115496;0.1109331;-0.02314699;0;0;0
-0.2115496;0.1109331;-0.02314699;0;0;0
-0.2121995;0.1069975;-0.02244103;0;0;0
-0.2121995;0.1069975;-0.02244103;0;0;0
-0.2150182;0.09038398;-0.01942861;0;0;0
-0.2150182;0.09038398;-0.01942861;0;0;0
-0.2165574;0.08146112;-0.01816845;0;0;0
-0.2165574;0.08146112;-0.01816845;0;0;0
-0.2172453;0.07710348;-0.01745939;0;0;0
-0.2172453;0.07710348;-0.01745939;0;0;0
-0.2190725;0.06341913;-0.01547885;0;0;0
-0.2190725;0.06341913;-0.01547885;0;0;0
-0.2206289;0.04912595;-0.01387513;0;0;0
-0.2206289;0.04912595;-0.01387513;0;0;0
-0.2215269;0.03957463;-0.01255226;0;0;0
-0.2215269;0.03957463;-0.01255226;0;0;0
-0.2224396;0.02983121;-0.0112741;0;0;0
-0.2224396;0.02983121;-0.0112741;0;0;0
-0.2235092;0.01981363;-0.0103159;0;0;0
-0.2235092;0.01981363;-0.0103159;0;0;0
-0.2244615;0.006158059;-0.008800626;0;0;0
-0.2244615;0.006158059;-0.008800626;0;0;0
-0.2251726;-0.005089444;-0.007586598;0;0;0
-0.2251726;-0.005089444;-0.007586598;0;0;0
-0.2261237;-0.01714019;-0.006468773;0;0;0
-0.2261237;-0.01714019;-0.006468773;0;0;0
-0.2265623;-0.02435496;-0.005609035;0;0;0
-0.2265623;-0.02435496;-0.005609035;0;0;0
-0.2271287;-0.03381023;-0.004533172;0;0;0
-0.2271287;-0.03381023;-0.004533172;0;0;0
-0.2273824;-0.03837023;-0.00403595;0;0;0
-0.2273824;-0.03837023;-0.00403595;0;0;0
-0.2281672;-0.0567528;-0.002084732;0;0;0
-0.2281672;-0.0567528;-0.002084732;0;0;0
-0.228468;-0.06570232;-0.001114964;0;0;0
-0.228468;-0.06570232;-0.001114964;0;0;0
-0.2286634;-0.0700281;-0.0007331371;0;0;0
-0.2286634;-0.0700281;-0.0007331371;0;0;0
-0.2287166;-0.08113655;0.0001424551;0;0;0
-0.2287166;-0.08113655;0.0001424551;0;0;0
-0.2280387;-0.105575;0.001570463;0;0;0
-0.2280387;-0.105575;0.001570463;0;0;0
-0.2276097;-0.1127719;0.00193429;0;0;0
-0.2276097;-0.1127719;0.00193429;0;0;0
-0.2269978;-0.1219531;0.002303123;0;0;0
-0.2269978;-0.1219531;0.002303123;0;0;0
-0.2254774;-0.1373551;0.002815366;0;0;0
-0.2254774;-0.1373551;0.002815366;0;0;0
-0.2239942;-0.1484867;0.002887726;0;0;0
-0.2239942;-0.1484867;0.002887726;0;0;0
-0.2235142;-0.1524213;0.002479672;0;0;0
-0.2235142;-0.1524213;0.002479672;0;0;0
-0.2218669;-0.1624043;0.003027797;0;0;0
-0.2218669;-0.1624043;0.003027797;0;0;0
-0.2203829;-0.1728204;0.003269911;0;0;0
-0.2203829;-0.1728204;0.003269911;0;0;0
-0.2194338;-0.1797538;0.00342536;0;0;0
-0.2194338;-0.1797538;0.00342536;0;0;0
-0.218564;-0.1866891;0.003665566;0;0;0
-0.218564;-0.1866891;0.003665566;0;0;0
-0.2177829;-0.1934827;0.003991365;0;0;0
-0.2177829;-0.1934827;0.003991365;0;0;0
-0.2169257;-0.2026724;0.004356384;0;0;0
-0.2169257;-0.2026724;0.004356384;0;0;0
-0.2162148;-0.2100245;0.00486517;0;0;0
-0.2162148;-0.2100245;0.00486517;0;0;0
-0.2156014;-0.2162404;0.005332351;0;0;0
-0.2156014;-0.2162404;0.005332351;0;0;0
-0.2141178;-0.2280151;0.006221294;0;0;0
-0.2141178;-0.2280151;0.006221294;0;0;0
-0.2137062;-0.2309037;0.006391525;0;0;0
-0.2137062;-0.2309037;0.006391525;0;0;0
-0.2120318;-0.2420404;0.00664556;0;0;0
-0.2120318;-0.2420404;0.00664556;0;0;0
-0.2109656;-0.2472628;0.00671339;0;0;0
-0.2109656;-0.2472628;0.00671339;0;0;0
-0.2087608;-0.2566449;0.00733459;0;0;0
-0.2087608;-0.2566449;0.00733459;0;0;0
-0.2073908;-0.263991;0.007582426;0;0;0
-0.2073908;-0.263991;0.007582426;0;0;0
-0.2064601;-0.2685945;0.007718682;0;0;0
-0.2064601;-0.2685945;0.007718682;0;0;0
-0.2056146;-0.273227;0.007615566;0;0;0
-0.2056146;-0.273227;0.007615566;0;0;0
-0.2050278;-0.2752527;0.007699847;0;0;0
-0.2050278;-0.2752527;0.007699847;0;0;0
-0.2030848;-0.2816978;0.007632017;0;0;0
-0.2030848;-0.2816978;0.007632017;0;0;0
-0.2019037;-0.2853545;0.007606864;0;0;0
-0.2019037;-0.2853545;0.007606864;0;0;0
-0.2008483;-0.2890118;0.007527471;0;0;0
-0.2008483;-0.2890118;0.007527471;0;0;0
-0.1995418;-0.294508;0.007676601;0;0;0
-0.1995418;-0.294508;0.007676601;0;0;0
-0.1989988;-0.2975452;0.007739663;0;0;0
-0.1989988;-0.2975452;0.007739663;0;0;0
-0.1985092;-0.3009621;0.007753968;0;0;0
-0.1985092;-0.3009621;0.007753968;0;0;0
-0.1977133;-0.3055958;0.007942677;0;0;0
-0.1977133;-0.3055958;0.007942677;0;0;0
-0.1975065;-0.3070323;0.008037567;0;0;0
-0.1975065;-0.3070323;0.008037567;0;0;0
-0.1969681;-0.3111983;0.008365989;0;0;0
-0.1969681;-0.3111983;0.008365989;0;0;0
-0.1965851;-0.3138077;0.008580565;0;0;0
-0.1965851;-0.3138077;0.008580565;0;0;0
-0.19561;-0.319218;0.008995056;0;0;0
-0.19561;-0.319218;0.008995056;0;0;0
-0.1953386;-0.3211077;0.009213924;0;0;0
-0.1953386;-0.3211077;0.009213924;0;0;0
-0.1949441;-0.3243273;0.009638429;0;0;0
-0.1949441;-0.3243273;0.009638429;0;0;0
-0.194606;-0.3266466;0.009706974;0;0;0
-0.194606;-0.3266466;0.009706974;0;0;0
-0.1937586;-0.3294276;0.01017678;0;0;0
-0.1937586;-0.3294276;0.01017678;0;0;0
-0.1934761;-0.329769;0.01116967;0;0;0
-0.1934761;-0.329769;0.01116967;0;0;0
-0.1935687;-0.3283325;0.01277995;0;0;0
-0.1935687;-0.3283325;0.01277995;0;0;0
-0.1935622;-0.3247918;0.01507974;0;0;0
-0.1935622;-0.3247918;0.01507974;0;0;0
-0.1935164;-0.3234599;0.01586044;0;0;0
-0.1935164;-0.3234599;0.01586044;0;0;0
-0.1934109;-0.3208729;0.01725626;0;0;0
-0.1741289;0.3179703;-0.230671;0;0;0
-0.1732731;0.3186661;-0.230535;0;0;0
-0.1732731;0.3186661;-0.230535;0;0;0
-0.1722063;0.316974;-0.2303584;0;0;0
-0.1722063;0.316974;-0.2303584;0;0;0
-0.1721439;0.3146665;-0.2294079;0;0;0
-0.1721439;0.3146665;-0.2294079;0;0;0
-0.1728104;0.3127276;-0.2285383;0;0;0
-0.1728104;0.3127276;-0.2285383;0;0;0
-0.1730705;0.3108356;-0.2273813;0;0;0
-0.1730705;0.3108356;-0.2273813;0;0;0
-0.1730866;0.3051857;-0.2258942;0;0;0
-0.1730866;0.3051857;-0.2258942;0;0;0
-0.1732152;0.3022514;-0.2257162;0;0;0
-0.1732152;0.3022514;-0.2257162;0;0;0
-0.1734093;0.2988971;-0.2255857;0;0;0
-0.1734093;0.2988971;-0.2255857;0;0;0
-0.1730388;0.2967417;-0.2254962;0;0;0
-0.1730388;0.2967417;-0.2254962;0;0;0
-0.1733254;0.2891325;-0.2250499;0;0;0
-0.1733254;0.2891325;-0.2250499;0;0;0
-0.1732415;0.2837704;-0.2247895;0;0;0
-0.1732415;0.2837704;-0.2247895;0;0;0
-0.1737503;0.2665011;-0.2228758;0;0;0
-0.1737503;0.2665011;-0.2228758;0;0;0
-0.1746465;0.2570936;-0.2203856;0;0;0
-0.1746465;0.2570936;-0.2203856;0;0;0
-0.1750572;0.2531567;-0.2193724;0;0;0
-0.1750572;0.2531567;-0.2193724;0;0;0
-0.1755759;0.2465208;-0.2177379;0;0;0
-0.1755759;0.2465208;-0.2177379;0;0;0
-0.1762824;0.2396966;-0.215916;0;0;0
-0.1762824;0.2396966;-0.215916;0;0;0
-0.1765919;0.2361537;-0.2148886;0;0;0
-0.1765919;0.2361537;-0.2148886;0;0;0
-0.1779691;0.2214677;-0.2110537;0;0;0
-0.1779691;0.2214677;-0.2110537;0;0;0
-0.1787757;0.2137641;-0.2090776;0;0;0
-0.1787757;0.2137641;-0.2090776;0;0;0
-0.1804447;0.1974483;-0.2054877;0;0;0
-0.1804447;0.1974483;-0.2054877;0;0;0
-0.1810324;0.1889629;-0.2042285;0;0;0
-0.1810324;0.1889629;-0.2042285;0;0;0
-0.1819776;0.1750868;-0.2023698;0;0;0
-0.1819776;0.1750868;-0.2023698;0;0;0
-0.1819873;0.1674919;-0.2015631;0;0;0
-0.1819873;0.1674919;-0.2015631;0;0;0
-0.1822982;0.1586717;-0.2005063;0;0;0
-0.1822982;0.1586717;-0.2005063;0;0;0
-0.1822751;0.1458814;-0.1981974;0;0;0
-0.1822751;0.1458814;-0.1981974;0;0;0
-0.1828872;0.1369263;-0.1969271;0;0;0
-0.1828872;0.1369263;-0.1969271;0;0;0
-0.183469;0.1280058;-0.1951308;0;0;0
-0.183469;0.1280058;-0.1951308;0;0;0
-0.1844401;0.1140669;-0.1924865;0;0;0
-0.1844401;0.1140669;-0.1924865;0;0;0
-0.1846322;0.1046498;-0.1908662;0;0;0
-0.1846322;0.1046498;-0.1908662;0;0;0
-0.1851242;0.0848692;-0.1873729;0;0;0
-0.1851242;0.0848692;-0.1873729;0;0;0
-0.1852134;0.08129022;-0.1868426;0;0;0
-0.1852134;0.08129022;-0.1868426;0;0;0
-0.1851269;0.06591996;-0.1849573;0;0;0
-0.1851269;0.06591996;-0.1849573;0;0;0
-0.1851994;0.05610053;-0.184002;0;0;0
-0.1851994;0.05610053;-0.184002;0;0;0
-0.1852212;0.05127165;-0.1835968;0;0;0
-0.1852212;0.05127165;-0.1835968;0;0;0
-0.1849843;0.03155715;-0.1825006;0;0;0
-0.1849843;0.03155715;-0.1825006;0;0;0
-0.1850172;0.021371;-0.1820792;0;0;0
-0.1850172;0.021371;-0.1820792;0;0;0
-0.1851117;0.01621303;-0.1820235;0;0;0
-0.1851117;0.01621303;-0.1820235;0;0;0
-0.1853036;0.0009147823;-0.1819738;0;0;0
-0.1853036;0.0009147823;-0.1819738;0;0;0
-0.1854025;-0.01461239;-0.1820974;0;0;0
-0.1854025;-0.01461239;-0.1820974;0;0;0
-0.1851581;-0.02466011;-0.1821622;0;0;0
-0.1851581;-0.02466011;-0.1821622;0;0;0
-0.1857388;-0.03526714;-0.1826521;0;0;0
-0.1857388;-0.03526714;-0.1826521;0;0;0
-0.1857977;-0.04547781;-0.1831155;0;0;0
-0.1857977;-0.04547781;-0.1831155;0;0;0
-0.1849894;-0.06993221;-0.1844608;0;0;0
-0.1849894;-0.06993221;-0.1844608;0;0;0
-0.184922;-0.08426629;-0.1851705;0;0;0
-0.184922;-0.08426629;-0.1851705;0;0;0
-0.1848788;-0.08893031;-0.1853547;0;0;0
-0.1848788;-0.08893031;-0.1853547;0;0;0
-0.1848982;-0.09361961;-0.1854756;0;0;0
-0.1848982;-0.09361961;-0.1854756;0;0;0
-0.1848582;-0.1101048;-0.1857878;0;0;0
-0.1848582;-0.1101048;-0.1857878;0;0;0
-0.1843811;-0.1192992;-0.185975;0;0;0
-0.1843811;-0.1192992;-0.185975;0;0;0
-0.1842938;-0.1233938;-0.1861619;0;0;0
-0.1842938;-0.1233938;-0.1861619;0;0;0
-0.1839496;-0.1360091;-0.1868753;0;0;0
-0.1839496;-0.1360091;-0.1868753;0;0;0
-0.183706;-0.1425744;-0.1873902;0;0;0
-0.183706;-0.1425744;-0.1873902;0;0;0
-0.1829958;-0.1533062;-0.1885136;0;0;0
-0.1829958;-0.1533062;-0.1885136;0;0;0
-0.1826043;-0.1606251;-0.1894331;0;0;0
-0.1826043;-0.1606251;-0.1894331;0;0;0
-0.1818611;-0.1684036;-0.1904111;0;0;0
-0.1818611;-0.1684036;-0.1904111;0;0;0
-0.1807136;-0.1811194;-0.1925067;0;0;0
-0.1807136;-0.1811194;-0.1925067;0;0;0
-0.1795446;-0.1894162;-0.1939628;0;0;0
-0.1795446;-0.1894162;-0.1939628;0;0;0
-0.1790012;-0.1946169;-0.1945956;0;0;0
-0.1790012;-0.1946169;-0.1945956;0;0;0
-0.17868;-0.1997683;-0.1950018;0;0;0
-0.17868;-0.1997683;-0.1950018;0;0;0
-0.1782809;-0.2058921;-0.1952376;0;0;0
-0.1782809;-0.2058921;-0.1952376;0;0;0
-0.1781075;-0.2095223;-0.1953288;0;0;0
-0.1781075;-0.2095223;-0.1953288;0;0;0
-0.1777111;-0.2161184;-0.1955342;0;0;0
-0.1777111;-0.2161184;-0.1955342;0;0;0
-0.177258;-0.2198145;-0.1956871;0;0;0
-0.177258;-0.2198145;-0.1956871;0;0;0
-0.1768614;-0.2230584;-0.195711;0;0;0
-0.1768614;-0.2230584;-0.195711;0;0;0
-0.176012;-0.2317647;-0.1955701;0;0;0
-0.176012;-0.2317647;-0.1955701;0;0;0
-0.1753641;-0.2349342;-0.1961808;0;0;0
-0.1753641;-0.2349342;-0.1961808;0;0;0
-0.1749573;-0.2365867;-0.1962811;0;0;0
-0.1749573;-0.2365867;-0.1962811;0;0;0
-0.1746151;-0.2393925;-0.1964797;0;0;0
-0.1746151;-0.2393925;-0.1964797;0;0;0
-0.1745521;-0.2412604;-0.1965039;0;0;0
-0.1745521;-0.2412604;-0.1965039;0;0;0
-0.1744949;-0.2452119;-0.1963382;0;0;0
-0.1744949;-0.2452119;-0.1963382;0;0;0
-0.1745204;-0.2470659;-0.1962954;0;0;0
-0.1745204;-0.2470659;-0.1962954;0;0;0
-0.1745123;-0.2493429;-0.1963241;0;0;0
-0.1745123;-0.2493429;-0.1963241;0;0;0
-0.1742288;-0.2526482;-0.1962959;0;0;0
-0.1742288;-0.2526482;-0.1962959;0;0;0
-0.1742227;-0.2550351;-0.1962837;0;0;0
-0.1742227;-0.2550351;-0.1962837;0;0;0
-0.1742449;-0.2562352;-0.1962235;0;0;0
-0.1742449;-0.2562352;-0.1962235;0;0;0
-0.1741317;-0.2599963;-0.1958995;0;0;0
-0.1741317;-0.2599963;-0.1958995;0;0;0
-0.1740589;-0.2625176;-0.195855;0;0;0
-0.1740589;-0.2625176;-0.195855;0;0;0
-0.1739438;-0.2638469;-0.1959231;0;0;0
-0.1739438;-0.2638469;-0.1959231;0;0;0
-0.1727961;-0.2688568;-0.1965358;0;0;0
-0.1727961;-0.2688568;-0.1965358;0;0;0
-0.1720201;-0.2728226;-0.1969534;0;0;0
-0.1720201;-0.2728226;-0.1969534;0;0;0
-0.1718213;-0.2752356;-0.1965805;0;0;0
-0.1718213;-0.2752356;-0.1965805;0;0;0
-0.1720183;-0.277719;-0.194265;0;0;0
-0.1720183;-0.277719;-0.194265;0;0;0
-0.1721233;-0.2779906;-0.193087;0;0;0
-0.1721233;-0.2779906;-0.193087;0;0;0
-0.1721498;-0.2777525;-0.1919577;0;0;0
-0.1721498;-0.2777525;-0.1919577;0;0;0
-0.1720593;-0.2769656;-0.1910123;0;0;0
-0.1720593;-0.2769656;-0.1910123;0;0;0
-0.1713191;-0.2733912;-0.1893746;0;0;0
-0.1713191;-0.2733912;-0.1893746;0;0;0
-0.1707728;-0.2711776;-0.1890674;0;0;0
-0.1707728;-0.2711776;-0.1890674;0;0;0
-0.1698792;-0.2681116;-0.1889287;0;0;0
-0.1698792;-0.2681116;-0.1889287;0;0;0
-0.1682252;-0.2621125;-0.189214;0;0;0
-0.1682252;-0.2621125;-0.189214;0;0;0
-0.1667585;-0.2568869;-0.1897202;0;0;0
-0.1667585;-0.2568869;-0.1897202;0;0;0
-0.1641437;-0.2481491;-0.1907307;0;0;0
-0.1641437;-0.2481491;-0.1907307;0;0;0
-0.1628712;-0.2436613;-0.1913657;0;0;0
-0.1628712;-0.2436613;-0.1913657;0;0;0
-0.1606678;-0.235608;-0.1924894;0;0;0
-0.1606678;-0.235608;-0.1924894;0;0;0
-0.1592432;-0.2302207;-0.1931908;0;0;0
-0.02925295;0.3392564;-0.2683927;0;0;0
-0.02799489;0.3385659;-0.267464;0;0;0
-0.02799489;0.3385659;-0.267464;0;0;0
-0.02752512;0.3380621;-0.2665577;0;0;0
-0.02752512;0.3380621;-0.2665577;0;0;0
-0.02772191;0.3377618;-0.2655135;0;0;0
-0.02772191;0.3377618;-0.2655135;0;0;0
-0.02773235;0.3371266;-0.2632883;0;0;0
-0.02773235;0.3371266;-0.2632883;0;0;0
-0.02802543;0.3361571;-0.2628199;0;0;0
-0.02802543;0.3361571;-0.2628199;0;0;0
-0.0281238;0.3351327;-0.2623916;0;0;0
-0.0281238;0.3351327;-0.2623916;0;0;0
-0.02808126;0.3337419;-0.2616925;0;0;0
-0.02808126;0.3337419;-0.2616925;0;0;0
-0.02839293;0.3317633;-0.261361;0;0;0
-0.02839293;0.3317633;-0.261361;0;0;0
-0.02882112;0.3297996;-0.2615048;0;0;0
-0.02882112;0.3297996;-0.2615048;0;0;0
-0.02869993;0.3281708;-0.2607484;0;0;0
-0.02869993;0.3281708;-0.2607484;0;0;0
-0.02899912;0.3255249;-0.2598436;0;0;0
-0.02899912;0.3255249;-0.2598436;0;0;0
-0.02920462;0.3236031;-0.258943;0;0;0
-0.02920462;0.3236031;-0.258943;0;0;0
-0.02930514;0.3214896;-0.2579623;0;0;0
-0.02930514;0.3214896;-0.2579623;0;0;0
-0.02985418;0.3177088;-0.2574222;0;0;0
-0.02985418;0.3177088;-0.2574222;0;0;0
-0.03020038;0.3145595;-0.2566804;0;0;0
-0.03020038;0.3145595;-0.2566804;0;0;0
-0.03044168;0.3115793;-0.2558975;0;0;0
-0.03044168;0.3115793;-0.2558975;0;0;0
-0.03061716;0.3076047;-0.254837;0;0;0
-0.03061716;0.3076047;-0.254837;0;0;0
-0.03079965;0.2993701;-0.2539861;0;0;0
-0.03079965;0.2993701;-0.2539861;0;0;0
-0.0308032;0.2953619;-0.2540042;0;0;0
-0.0308032;0.2953619;-0.2540042;0;0;0
-0.03034648;0.2912823;-0.2538625;0;0;0
-0.03034648;0.2912823;-0.2538625;0;0;0
-0.02983635;0.2836398;-0.2544069;0;0;0
-0.02983635;0.2836398;-0.2544069;0;0;0
-0.02968769;0.2817;-0.2545768;0;0;0
-0.02968769;0.2817;-0.2545768;0;0;0
-0.02875609;0.2738769;-0.2549959;0;0;0
-0.02875609;0.2738769;-0.2549959;0;0;0
-0.02838958;0.2679651;-0.2554603;0;0;0
-0.02838958;0.2679651;-0.2554603;0;0;0
-0.02826872;0.2600696;-0.2564099;0;0;0
-0.02826872;0.2600696;-0.2564099;0;0;0
-0.02778623;0.2446544;-0.2572814;0;0;0
-0.02778623;0.2446544;-0.2572814;0;0;0
-0.02788202;0.2370873;-0.2576793;0;0;0
-0.02788202;0.2370873;-0.2576793;0;0;0
-0.02818524;0.2290945;-0.2582239;0;0;0
-0.02818524;0.2290945;-0.2582239;0;0;0
-0.02830303;0.2209147;-0.258444;0;0;0
-0.02830303;0.2209147;-0.258444;0;0;0
-0.02855832;0.2103663;-0.2587081;0;0;0
-0.02855832;0.2103663;-0.2587081;0;0;0
-0.02882691;0.1980404;-0.2590735;0;0;0
-0.02882691;0.1980404;-0.2590735;0;0;0
-0.02895402;0.1875734;-0.2593205;0;0;0
-0.02895402;0.1875734;-0.2593205;0;0;0
-0.029222;0.1790783;-0.259595;0;0;0
-0.029222;0.1790783;-0.259595;0;0;0
-0.02655402;0.1664709;-0.2577541;0;0;0
-0.02655402;0.1664709;-0.2577541;0;0;0
-0.02712807;0.1462135;-0.2565168;0;0;0
-0.02712807;0.1462135;-0.2565168;0;0;0
-0.02777186;0.1356696;-0.2558236;0;0;0
-0.02777186;0.1356696;-0.2558236;0;0;0
-0.02812894;0.1251802;-0.2550491;0;0;0
-0.02812894;0.1251802;-0.2550491;0;0;0
-0.0286385;0.1145582;-0.2541695;0;0;0
-0.0286385;0.1145582;-0.2541695;0;0;0
-0.02936878;0.09866402;-0.2527202;0;0;0
-0.02936878;0.09866402;-0.2527202;0;0;0
-0.0298171;0.08801215;-0.2515447;0;0;0
-0.0298171;0.08801215;-0.2515447;0;0;0
-0.03045457;0.0773489;-0.2503766;0;0;0
-0.03045457;0.0773489;-0.2503766;0;0;0
-0.03143737;0.06372139;-0.2492892;0;0;0
-0.03143737;0.06372139;-0.2492892;0;0;0
-0.03181774;0.05562861;-0.2484372;0;0;0
-0.03181774;0.05562861;-0.2484372;0;0;0
-0.0321594;0.05003706;-0.2479625;0;0;0
-0.0321594;0.05003706;-0.2479625;0;0;0
-0.03436194;0.001365919;-0.2457012;0;0;0
-0.03436194;0.001365919;-0.2457012;0;0;0
-0.03455777;-0.01049559;-0.2449676;0;0;0
-0.03455777;-0.01049559;-0.2449676;0;0;0
-0.03458348;-0.0209955;-0.2444766;0;0;0
-0.03458348;-0.0209955;-0.2444766;0;0;0
-0.03500856;-0.03159418;-0.2443827;0;0;0
-0.03500856;-0.03159418;-0.2443827;0;0;0
-0.0356788;-0.05648129;-0.2427737;0;0;0
-0.0356788;-0.05648129;-0.2427737;0;0;0
-0.03598376;-0.06153353;-0.2424883;0;0;0
-0.03598376;-0.06153353;-0.2424883;0;0;0
-0.03663103;-0.07737516;-0.2418692;0;0;0
-0.03663103;-0.07737516;-0.2418692;0;0;0
-0.03646674;-0.0867261;-0.2415875;0;0;0
-0.03646674;-0.0867261;-0.2415875;0;0;0
-0.03630078;-0.09130023;-0.2415323;0;0;0
-0.03630078;-0.09130023;-0.2415323;0;0;0
-0.03468104;-0.1169078;-0.2420725;0;0;0
-0.03468104;-0.1169078;-0.2420725;0;0;0
-0.03351574;-0.1286524;-0.2424345;0;0;0
-0.03351574;-0.1286524;-0.2424345;0;0;0
-0.03330167;-0.1327032;-0.242692;0;0;0
-0.03330167;-0.1327032;-0.242692;0;0;0
-0.0326356;-0.1401346;-0.2428246;0;0;0
-0.0326356;-0.1401346;-0.2428246;0;0;0
-0.03185993;-0.1522928;-0.24323;0;0;0
-0.03185993;-0.1522928;-0.24323;0;0;0
-0.03127406;-0.1584493;-0.2431166;0;0;0
-0.03127406;-0.1584493;-0.2431166;0;0;0
-0.03064323;-0.1650823;-0.2428359;0;0;0
-0.03064323;-0.1650823;-0.2428359;0;0;0
-0.02852654;-0.1797756;-0.2413315;0;0;0
-0.02852654;-0.1797756;-0.2413315;0;0;0
-0.02774461;-0.1850983;-0.2407813;0;0;0
-0.02774461;-0.1850983;-0.2407813;0;0;0
-0.02697118;-0.1901509;-0.2400827;0;0;0
-0.02697118;-0.1901509;-0.2400827;0;0;0
-0.02661389;-0.1953211;-0.2397823;0;0;0
-0.02661389;-0.1953211;-0.2397823;0;0;0
-0.02565003;-0.2010664;-0.2390592;0;0;0
-0.02565003;-0.2010664;-0.2390592;0;0;0
-0.02466222;-0.2064054;-0.2382331;0;0;0
-0.02466222;-0.2064054;-0.2382331;0;0;0
-0.02389192;-0.2104239;-0.2375163;0;0;0
-0.02389192;-0.2104239;-0.2375163;0;0;0
-0.02311515;-0.2142426;-0.2369422;0;0;0
-0.02311515;-0.2142426;-0.2369422;0;0;0
-0.02223139;-0.2176304;-0.2362131;0;0;0
-0.02223139;-0.2176304;-0.2362131;0;0;0
-0.02182697;-0.2193059;-0.2359039;0;0;0
-0.02182697;-0.2193059;-0.2359039;0;0;0
-0.02061969;-0.2237448;-0.2348388;0;0;0
-0.02061969;-0.2237448;-0.2348388;0;0;0
-0.01918393;-0.2279933;-0.2337453;0;0;0
-0.01918393;-0.2279933;-0.2337453;0;0;0
-0.01867212;-0.2290961;-0.2333777;0;0;0
-0.01867212;-0.2290961;-0.2333777;0;0;0
-0.01740723;-0.2328819;-0.232555;0;0;0
-0.01740723;-0.2328819;-0.232555;0;0;0
-0.0168693;-0.2346835;-0.2320307;0;0;0
-0.0168693;-0.2346835;-0.2320307;0;0;0
-0.01566114;-0.2368322;-0.2318845;0;0;0
-0.01566114;-0.2368322;-0.2318845;0;0;0
-0.0150613;-0.2396966;-0.2309074;0;0;0
-0.0150613;-0.2396966;-0.2309074;0;0;0
-0.01442004;-0.2429885;-0.2296168;0;0;0
-0.01442004;-0.2429885;-0.2296168;0;0;0
-0.01417266;-0.2445377;-0.2290215;0;0;0
-0.01417266;-0.2445377;-0.2290215;0;0;0
-0.01376972;-0.2463201;-0.2285252;0;0;0
-0.01376972;-0.2463201;-0.2285252;0;0;0
-0.01318618;-0.2480049;-0.2283981;0;0;0
-0.01318618;-0.2480049;-0.2283981;0;0;0
-0.01254101;-0.249364;-0.2284482;0;0;0
-0.01254101;-0.249364;-0.2284482;0;0;0
-0.01122091;-0.252178;-0.22847;0;0;0
-0.01122091;-0.252178;-0.22847;0;0;0
-0.01065914;-0.25435;-0.2280939;0;0;0
-0.01065914;-0.25435;-0.2280939;0;0;0
-0.01024935;-0.2571929;-0.2269727;0;0;0
-0.01024935;-0.2571929;-0.2269727;0;0;0
-0.01014895;-0.2588941;-0.2262928;0;0;0
-0.01014895;-0.2588941;-0.2262928;0;0;0
-0.009927511;-0.2604595;-0.225333;0;0;0
-0.009927511;-0.2604595;-0.225333;0;0;0
-0.01007072;-0.2625342;-0.2245915;0;0;0
-0.01007072;-0.2625342;-0.2245915;0;0;0
-0.01005449;-0.265269;-0.2228483;0;0;0
-0.01005449;-0.265269;-0.2228483;0;0;0
-0.009710662;-0.2682824;-0.2197609;0;0;0
-0.009710662;-0.2682824;-0.2197609;0;0;0
-0.00965371;-0.2693563;-0.2186179;0;0;0
-0.00965371;-0.2693563;-0.2186179;0;0;0
-0.009687863;-0.2705743;-0.2175885;0;0;0
-0.009687863;-0.2705743;-0.2175885;0;0;0
-0.008764677;-0.2719176;-0.2136668;0;0;0
-0.008764677;-0.2719176;-0.2136668;0;0;0
-0.007512823;-0.2705925;-0.2125441;0;0;0
-0.007512823;-0.2705925;-0.2125441;0;0;0
-0.007135689;-0.2695441;-0.2121226;0;0;0
-0.007135689;-0.2695441;-0.2121226;0;0;0
-0.005912758;-0.266492;-0.2109901;0;0;0
-0.005912758;-0.266492;-0.2109901;0;0;0
-0.005633019;-0.2653987;-0.2106714;0;0;0
-0.005633019;-0.2653987;-0.2106714;0;0;0
-0.004677162;-0.2613205;-0.2095466;0;0;0
-0.004677162;-0.2613205;-0.2095466;0;0;0
-0.003924958;-0.2578717;-0.2084367;0;0;0
-0.003924958;-0.2578717;-0.2084367;0;0;0
-0.003205158;-0.253947;-0.2075845;0;0;0
-0.003205158;-0.253947;-0.2075845;0;0;0
-0.001509443;-0.24723;-0.2062082;0;0;0
-0.001509443;-0.24723;-0.2062082;0;0;0
8.679926E-06;-0.2416541;-0.2051358;0;0;0
0.1295502;0.3588901;-0.2234722;0;0;0
0.1295862;0.3581599;-0.2244122;0;0;0
0.1295862;0.3581599;-0.2244122;0;0;0
0.1303972;0.3565286;-0.2270644;0;0;0
0.1303972;0.3565286;-0.2270644;0;0;0
0.1306856;0.3559244;-0.2281753;0;0;0
0.1306856;0.3559244;-0.2281753;0;0;0
0.1298858;0.3541942;-0.2292904;0;0;0
0.1298858;0.3541942;-0.2292904;0;0;0
0.1286132;0.3515607;-0.2297896;0;0;0
0.1286132;0.3515607;-0.2297896;0;0;0
0.1280722;0.3502728;-0.2299701;0;0;0
0.1280722;0.3502728;-0.2299701;0;0;0
0.1271863;0.3475138;-0.2311281;0;0;0
0.1271863;0.3475138;-0.2311281;0;0;0
0.1270371;0.3459783;-0.2316877;0;0;0
0.1270371;0.3459783;-0.2316877;0;0;0
0.1271874;0.3446599;-0.2321243;0;0;0
0.1271874;0.3446599;-0.2321243;0;0;0
0.1278243;0.3425193;-0.2325979;0;0;0
0.1278243;0.3425193;-0.2325979;0;0;0
0.1285617;0.3412059;-0.2322876;0;0;0
0.1285617;0.3412059;-0.2322876;0;0;0
0.1288405;0.3390003;-0.2319791;0;0;0
0.1288405;0.3390003;-0.2319791;0;0;0
0.1287695;0.3377047;-0.2317359;0;0;0
0.1287695;0.3377047;-0.2317359;0;0;0
0.1282792;0.3358759;-0.2314472;0;0;0
0.1282792;0.3358759;-0.2314472;0;0;0
0.1274275;0.3330656;-0.2310174;0;0;0
0.1274275;0.3330656;-0.2310174;0;0;0
0.1271888;0.3320743;-0.2309371;0;0;0
0.1271888;0.3320743;-0.2309371;0;0;0
0.1274838;0.3288634;-0.2302114;0;0;0
0.1274838;0.3288634;-0.2302114;0;0;0
0.1284554;0.3224145;-0.2288754;0;0;0
0.1284554;0.3224145;-0.2288754;0;0;0
0.1283128;0.3196934;-0.2287157;0;0;0
0.1283128;0.3196934;-0.2287157;0;0;0
0.1281507;0.3180083;-0.2286748;0;0;0
0.1281507;0.3180083;-0.2286748;0;0;0
0.1276961;0.3136185;-0.2287188;0;0;0
0.1276961;0.3136185;-0.2287188;0;0;0
0.1314794;0.3099189;-0.2266793;0;0;0
0.1314794;0.3099189;-0.2266793;0;0;0
0.1316983;0.3065535;-0.2270515;0;0;0
0.1316983;0.3065535;-0.2270515;0;0;0
0.1319336;0.3030765;-0.2274034;0;0;0
0.1319336;0.3030765;-0.2274034;0;0;0
0.13211;0.299274;-0.2280257;0;0;0
0.13211;0.299274;-0.2280257;0;0;0
0.1320942;0.2951948;-0.2286347;0;0;0
0.1320942;0.2951948;-0.2286347;0;0;0
0.1320805;0.2884126;-0.2293477;0;0;0
0.1320805;0.2884126;-0.2293477;0;0;0
0.1325552;0.2850604;-0.2287967;0;0;0
0.1325552;0.2850604;-0.2287967;0;0;0
0.1332214;0.2804772;-0.2269809;0;0;0
0.1332214;0.2804772;-0.2269809;0;0;0
0.1333251;0.2769769;-0.2269299;0;0;0
0.1333251;0.2769769;-0.2269299;0;0;0
0.1331955;0.2724664;-0.225695;0;0;0
0.1331955;0.2724664;-0.225695;0;0;0
0.1329668;0.2647717;-0.2253125;0;0;0
0.1329668;0.2647717;-0.2253125;0;0;0
0.1332056;0.2595888;-0.2248342;0;0;0
0.1332056;0.2595888;-0.2248342;0;0;0
0.1332364;0.2539767;-0.2244149;0;0;0
0.1332364;0.2539767;-0.2244149;0;0;0
0.1338597;0.2397817;-0.2220405;0;0;0
0.1338597;0.2397817;-0.2220405;0;0;0
0.1340774;0.2336537;-0.2209187;0;0;0
0.1340774;0.2336537;-0.2209187;0;0;0
0.1337764;0.2268324;-0.2200319;0;0;0
0.1337764;0.2268324;-0.2200319;0;0;0
0.1336492;0.2162676;-0.2182438;0;0;0
0.1336492;0.2162676;-0.2182438;0;0;0
0.1328871;0.2006706;-0.2157655;0;0;0
0.1328871;0.2006706;-0.2157655;0;0;0
0.1330978;0.1920291;-0.2140714;0;0;0
0.1330978;0.1920291;-0.2140714;0;0;0
0.1331091;0.1840462;-0.2125474;0;0;0
0.1331091;0.1840462;-0.2125474;0;0;0
0.1328934;0.1756658;-0.2108527;0;0;0
0.1328934;0.1756658;-0.2108527;0;0;0
0.132238;0.1625192;-0.2081226;0;0;0
0.132238;0.1625192;-0.2081226;0;0;0
0.1313246;0.152853;-0.2064418;0;0;0
0.1313246;0.152853;-0.2064418;0;0;0
0.1308545;0.1434536;-0.2039951;0;0;0
0.1308545;0.1434536;-0.2039951;0;0;0
0.1304085;0.133921;-0.2014844;0;0;0
0.1304085;0.133921;-0.2014844;0;0;0
0.1299114;0.1237403;-0.1991997;0;0;0
0.1299114;0.1237403;-0.1991997;0;0;0
0.1296524;0.1185396;-0.1980523;0;0;0
0.1296524;0.1185396;-0.1980523;0;0;0
0.1284977;0.09711298;-0.1936959;0;0;0
0.1284977;0.09711298;-0.1936959;0;0;0
0.1280627;0.08636543;-0.1911764;0;0;0
0.1280627;0.08636543;-0.1911764;0;0;0
0.1278099;0.08086324;-0.1899171;0;0;0
0.1278099;0.08086324;-0.1899171;0;0;0
0.1275669;0.05953279;-0.1856699;0;0;0
0.1275669;0.05953279;-0.1856699;0;0;0
0.1276001;0.05416844;-0.1846505;0;0;0
0.1276001;0.05416844;-0.1846505;0;0;0
0.1275646;0.03788306;-0.1822462;0;0;0
0.1275646;0.03788306;-0.1822462;0;0;0
0.1276304;0.02549999;-0.1807928;0;0;0
0.1276304;0.02549999;-0.1807928;0;0;0
0.1276852;0.02007439;-0.1801857;0;0;0
0.1276852;0.02007439;-0.1801857;0;0;0
0.1281812;0.0006582672;-0.177484;0;0;0
0.1281812;0.0006582672;-0.177484;0;0;0
0.1280685;-0.009989888;-0.1765754;0;0;0
0.1280685;-0.009989888;-0.1765754;0;0;0
0.1280617;-0.01986666;-0.1754061;0;0;0
0.1280617;-0.01986666;-0.1754061;0;0;0
0.1281642;-0.02957167;-0.1739242;0;0;0
0.1281642;-0.02957167;-0.1739242;0;0;0
0.1281976;-0.03922986;-0.1729882;0;0;0
0.1281976;-0.03922986;-0.1729882;0;0;0
0.1285362;-0.05415717;-0.1717397;0;0;0
0.1285362;-0.05415717;-0.1717397;0;0;0
0.1289228;-0.06218471;-0.1716236;0;0;0
0.1289228;-0.06218471;-0.1716236;0;0;0
0.1296345;-0.07253594;-0.1721188;0;0;0
0.1296345;-0.07253594;-0.1721188;0;0;0
0.131062;-0.09029465;-0.1735642;0;0;0
0.131062;-0.09029465;-0.1735642;0;0;0
0.132215;-0.1027844;-0.1744436;0;0;0
0.132215;-0.1027844;-0.1744436;0;0;0
0.1331318;-0.1106845;-0.1746192;0;0;0
0.1331318;-0.1106845;-0.1746192;0;0;0
0.1338154;-0.1184229;-0.1750461;0;0;0
0.1338154;-0.1184229;-0.1750461;0;0;0
0.1357427;-0.1255262;-0.1711268;0;0;0
0.1357427;-0.1255262;-0.1711268;0;0;0
0.1388652;-0.1505055;-0.1692462;0;0;0
0.1388652;-0.1505055;-0.1692462;0;0;0
0.1392343;-0.1570932;-0.1688836;0;0;0
0.1392343;-0.1570932;-0.1688836;0;0;0
0.1395384;-0.1628207;-0.1686424;0;0;0
0.1395384;-0.1628207;-0.1686424;0;0;0
0.1399824;-0.1687435;-0.1686249;0;0;0
0.1399824;-0.1687435;-0.1686249;0;0;0
0.1402027;-0.1743969;-0.1684612;0;0;0
0.1402027;-0.1743969;-0.1684612;0;0;0
0.1406797;-0.182006;-0.1686709;0;0;0
0.1406797;-0.182006;-0.1686709;0;0;0
0.1409691;-0.1853439;-0.1688279;0;0;0
0.1409691;-0.1853439;-0.1688279;0;0;0
0.1419152;-0.1910237;-0.1676675;0;0;0
0.1419152;-0.1910237;-0.1676675;0;0;0
0.1425414;-0.1957709;-0.1680725;0;0;0
0.1425414;-0.1957709;-0.1680725;0;0;0
0.1433446;-0.2004824;-0.168605;0;0;0
0.1433446;-0.2004824;-0.168605;0;0;0
0.1436749;-0.2043121;-0.1693212;0;0;0
0.1436749;-0.2043121;-0.1693212;0;0;0
0.1445439;-0.2126108;-0.1699241;0;0;0
0.1445439;-0.2126108;-0.1699241;0;0;0
0.1449099;-0.2176484;-0.1703072;0;0;0
0.1449099;-0.2176484;-0.1703072;0;0;0
0.144997;-0.2202729;-0.1705471;0;0;0
0.144997;-0.2202729;-0.1705471;0;0;0
0.1453739;-0.2268999;-0.1702465;0;0;0
0.1453739;-0.2268999;-0.1702465;0;0;0
0.1454722;-0.2320934;-0.1698041;0;0;0
0.1454722;-0.2320934;-0.1698041;0;0;0
0.1455506;-0.2364933;-0.1692801;0;0;0
0.1455506;-0.2364933;-0.1692801;0;0;0
0.145903;-0.2428808;-0.1683512;0;0;0
0.145903;-0.2428808;-0.1683512;0;0;0
0.1459429;-0.2474768;-0.1677669;0;0;0
0.1459429;-0.2474768;-0.1677669;0;0;0
0.1462069;-0.2552179;-0.1658789;0;0;0
0.1462069;-0.2552179;-0.1658789;0;0;0
0.1466979;-0.2580408;-0.1624262;0;0;0
0.1466979;-0.2580408;-0.1624262;0;0;0
0.1468864;-0.2612442;-0.1613194;0;0;0
0.1468864;-0.2612442;-0.1613194;0;0;0
0.1471007;-0.2643015;-0.1604161;0;0;0
0.1471007;-0.2643015;-0.1604161;0;0;0
0.1471302;-0.2684697;-0.1594161;0;0;0
0.1471302;-0.2684697;-0.1594161;0;0;0
0.1472213;-0.2712433;-0.1581585;0;0;0
0.1472213;-0.2712433;-0.1581585;0;0;0
0.147348;-0.2735872;-0.1571825;0;0;0
0.147348;-0.2735872;-0.1571825;0;0;0
0.1475812;-0.2767498;-0.1568244;0;0;0
0.1475812;-0.2767498;-0.1568244;0;0;0
0.1479619;-0.2784006;-0.1563452;0;0;0
0.1479619;-0.2784006;-0.1563452;0;0;0
0.1489404;-0.2827047;-0.1555271;0;0;0
0.1489404;-0.2827047;-0.1555271;0;0;0
0.1490452;-0.2843308;-0.155355;0;0;0
0.1490452;-0.2843308;-0.155355;0;0;0
0.1491861;-0.2866424;-0.154896;0;0;0
0.1491861;-0.2866424;-0.154896;0;0;0
0.149905;-0.2843691;-0.1543835;0;0;0
0.2298295;0.3272684;-0.02761126;0;0;0
0.231632;0.3270538;-0.02837551;0;0;0
0.231632;0.3270538;-0.02837551;0;0;0
0.2324486;0.3248664;-0.02865267;0;0;0
0.2324486;0.3248664;-0.02865267;0;0;0
0.2324171;0.3235858;-0.0284338;0;0;0
0.2324171;0.3235858;-0.0284338;0;0;0
0.232258;0.3199772;-0.02904701;0;0;0
0.232258;0.3199772;-0.02904701;0;0;0
0.2309071;0.3140211;-0.02918434;0;0;0
0.2309071;0.3140211;-0.02918434;0;0;0
0.2305194;0.3118035;-0.02919388;0;0;0
0.2305194;0.3118035;-0.02919388;0;0;0
0.2306347;0.3047673;-0.03014123;0;0;0
0.2306347;0.3047673;-0.03014123;0;0;0
0.2308409;0.3022146;-0.03042436;0;0;0
0.2308409;0.3022146;-0.03042436;0;0;0
0.2308764;0.2991292;-0.03091609;0;0;0
0.2308764;0.2991292;-0.03091609;0;0;0
0.2307826;0.2976314;-0.03125417;0;0;0
0.2307826;0.2976314;-0.03125417;0;0;0
0.230655;0.2960513;-0.03163183;0;0;0
0.230655;0.2960513;-0.03163183;0;0;0
0.2302282;0.2906665;-0.03297436;0;0;0
0.2302282;0.2906665;-0.03297436;0;0;0
0.2295643;0.2842848;-0.03456199;0;0;0
0.2295643;0.2842848;-0.03456199;0;0;0
0.2291099;0.2757877;-0.03676999;0;0;0
0.2291099;0.2757877;-0.03676999;0;0;0
0.2288182;0.2692981;-0.03791249;0;0;0
0.2288182;0.2692981;-0.03791249;0;0;0
0.2288136;0.2650576;-0.03812528;0;0;0
0.2288136;0.2650576;-0.03812528;0;0;0
0.2285842;0.2604513;-0.03836143;0;0;0
0.2285842;0.2604513;-0.03836143;0;0;0
0.2284435;0.2557113;-0.03838015;0;0;0
0.2284435;0.2557113;-0.03838015;0;0;0
0.2280952;0.2486933;-0.03818488;0;0;0
0.2280952;0.2486933;-0.03818488;0;0;0
0.2275017;0.2424334;-0.03802335;0;0;0
0.2275017;0.2424334;-0.03802335;0;0;0
0.2271031;0.236549;-0.03777087;0;0;0
0.2271031;0.236549;-0.03777087;0;0;0
0.2264647;0.2286351;-0.03769994;0;0;0
0.2264647;0.2286351;-0.03769994;0;0;0
0.2261587;0.2237131;-0.0376755;0;0;0
0.2261587;0.2237131;-0.0376755;0;0;0
0.2257501;0.2153883;-0.03768027;0;0;0
0.2257501;0.2153883;-0.03768027;0;0;0
0.225245;0.2065317;-0.03778279;0;0;0
0.225245;0.2065317;-0.03778279;0;0;0
0.2250669;0.1994749;-0.03771079;0;0;0
0.2250669;0.1994749;-0.03771079;0;0;0
0.2247777;0.189447;-0.03753364;0;0;0
0.2247777;0.189447;-0.03753364;0;0;0
0.2246668;0.1838363;-0.03723323;0;0;0
0.2246668;0.1838363;-0.03723323;0;0;0
0.2243881;0.1760095;-0.03691769;0;0;0
0.2243881;0.1760095;-0.03691769;0;0;0
0.2237606;0.1637394;-0.03632092;0;0;0
0.2237606;0.1637394;-0.03632092;0;0;0
0.2233557;0.1551739;-0.03595054;0;0;0
0.2233557;0.1551739;-0.03595054;0;0;0
0.2232403;0.1497578;-0.03566337;0;0;0
0.2232403;0.1497578;-0.03566337;0;0;0
0.2227416;0.1341327;-0.03502285;0;0;0
0.2227416;0.1341327;-0.03502285;0;0;0
0.2224931;0.1282302;-0.03474641;0;0;0
0.2224931;0.1282302;-0.03474641;0;0;0
0.2217511;0.113655;-0.03410006;0;0;0
0.2217511;0.113655;-0.03410006;0;0;0
0.2212313;0.1034037;-0.03384066;0;0;0
0.2212313;0.1034037;-0.03384066;0;0;0
0.2205894;0.08317734;-0.03336525;0;0;0
0.2205894;0.08317734;-0.03336525;0;0;0
0.2203048;0.07263535;-0.03318107;0;0;0
0.2203048;0.07263535;-0.03318107;0;0;0
0.220122;0.06716219;-0.03307784;0;0;0
0.220122;0.06716219;-0.03307784;0;0;0
0.2195785;0.04611344;-0.03222132;0;0;0
0.2195785;0.04611344;-0.03222132;0;0;0
0.2190835;0.03531788;-0.03178322;0;0;0
0.2190835;0.03531788;-0.03178322;0;0;0
0.2186305;0.01945087;-0.03069723;0;0;0
0.2186305;0.01945087;-0.03069723;0;0;0
0.2181554;0.008567226;-0.03025126;0;0;0
0.2181554;0.008567226;-0.03025126;0;0;0
0.2178569;0.003018354;-0.02993464;0;0;0
0.2178569;0.003018354;-0.02993464;0;0;0
0.2191318;-0.01209738;-0.02778995;0;0;0
0.2191318;-0.01209738;-0.02778995;0;0;0
0.2187246;-0.02012871;-0.02737439;0;0;0
0.2187246;-0.02012871;-0.02737439;0;0;0
0.2182613;-0.03575863;-0.02692711;0;0;0
0.2182613;-0.03575863;-0.02692711;0;0;0
0.2178731;-0.04656883;-0.02668536;0;0;0
0.2178731;-0.04656883;-0.02668536;0;0;0
0.2176629;-0.05340803;-0.02682686;0;0;0
0.2176629;-0.05340803;-0.02682686;0;0;0
0.2170754;-0.07348942;-0.02610886;0;0;0
0.2170754;-0.07348942;-0.02610886;0;0;0
0.217018;-0.07849951;-0.02566731;0;0;0
0.217018;-0.07849951;-0.02566731;0;0;0
0.2166097;-0.08777624;-0.02474165;0;0;0
0.2166097;-0.08777624;-0.02474165;0;0;0
0.2158718;-0.1008258;-0.02295578;0;0;0
0.2158718;-0.1008258;-0.02295578;0;0;0
0.2152736;-0.109573;-0.02154875;0;0;0
0.2152736;-0.109573;-0.02154875;0;0;0
0.2147206;-0.1182831;-0.02007818;0;0;0
0.2147206;-0.1182831;-0.02007818;0;0;0
0.2142348;-0.1265492;-0.01891756;0;0;0
0.2142348;-0.1265492;-0.01891756;0;0;0
0.2135814;-0.139525;-0.01762962;0;0;0
0.2135814;-0.139525;-0.01762962;0;0;0
0.2132633;-0.15476;-0.01645923;0;0;0
0.2132633;-0.15476;-0.01645923;0;0;0
0.2129372;-0.1811195;-0.014135;0;0;0
0.2129372;-0.1811195;-0.014135;0;0;0
0.212658;-0.1906916;-0.01311529;0;0;0
0.212658;-0.1906916;-0.01311529;0;0;0
0.2124287;-0.1973746;-0.01250327;0;0;0
0.2124287;-0.1973746;-0.01250327;0;0;0
0.2122427;-0.2051989;-0.01191044;0;0;0
0.2122427;-0.2051989;-0.01191044;0;0;0
0.2120643;-0.2169332;-0.01096356;0;0;0
0.2120643;-0.2169332;-0.01096356;0;0;0
0.2119052;-0.2245879;-0.01038682;0;0;0
0.2119052;-0.2245879;-0.01038682;0;0;0
0.2117253;-0.2322252;-0.009878993;0;0;0
0.2117253;-0.2322252;-0.009878993;0;0;0
0.2114917;-0.2452753;-0.005188584;0;0;0
0.2114917;-0.2452753;-0.005188584;0;0;0
0.2111061;-0.2580743;-0.003412724;0;0;0
0.2111061;-0.2580743;-0.003412724;0;0;0
0.2116346;-0.2632402;-0.002487063;0;0;0
0.2116346;-0.2632402;-0.002487063;0;0;0
0.2124185;-0.2665612;-0.001814008;0;0;0
0.2124185;-0.2665612;-0.001814008;0;0;0
0.213182;-0.2708213;-0.00140512;0;0;0
0.213182;-0.2708213;-0.00140512;0;0;0
0.2133815;-0.2736726;-0.001211166;0;0;0
0.2133815;-0.2736726;-0.001211166;0;0;0
0.2144219;-0.2813911;-0.001153708;0;0;0
0.2144219;-0.2813911;-0.001153708;0;0;0
0.2149146;-0.285094;-0.001185894;0;0;0
0.2149146;-0.285094;-0.001185894;0;0;0
0.215644;-0.2887873;-0.001479506;0;0;0
0.215644;-0.2887873;-0.001479506;0;0;0
0.216267;-0.2922385;-0.001782298;0;0;0
0.216267;-0.2922385;-0.001782298;0;0;0
0.2168445;-0.295399;-0.002024293;0;0;0
0.2168445;-0.295399;-0.002024293;0;0;0
0.217738;-0.2980774;-0.001360178;0;0;0
0.217738;-0.2980774;-0.001360178;0;0;0
0.2182111;-0.2999959;-0.001384377;0;0;0
0.2182111;-0.2999959;-0.001384377;0;0;0
0.218695;-0.3015673;-0.001419306;0;0;0
0.218695;-0.3015673;-0.001419306;0;0;0
0.2193744;-0.3038784;-0.001323819;0;0;0
0.2193744;-0.3038784;-0.001323819;0;0;0
0.2201366;-0.3053879;-0.001417637;0;0;0
0.2201366;-0.3053879;-0.001417637;0;0;0
0.2205337;-0.3073645;-0.00174439;0;0;0
0.2205337;-0.3073645;-0.00174439;0;0;0
0.2223291;-0.3063382;-0.00200057;0;0;0
0.2223291;-0.3063382;-0.00200057;0;0;0
0.2236362;-0.3058124;-0.002919674;0;0;0
0.2236362;-0.3058124;-0.002919674;0;0;0
0.2248658;-0.3055551;-0.004209995;0;0;0
0.2248658;-0.3055551;-0.004209995;0;0;0
0.2256709;-0.3057439;-0.005555153;0;0;0
0.2256709;-0.3057439;-0.005555153;0;0;0
0.2262546;-0.305895;-0.006700516;0;0;0
0.2262546;-0.305895;-0.006700516;0;0;0
0.2266848;-0.3067532;-0.008170605;0;0;0
0.2266848;-0.3067532;-0.008170605;0;0;0
0.2271004;-0.307211;-0.009120464;0;0;0
0.2271004;-0.307211;-0.009120464;0;0;0
0.2276509;-0.3077747;-0.009928107;0;0;0
0.2276509;-0.3077747;-0.009928107;0;0;0
0.2277322;-0.3047335;-0.006966233;0;0;0
0.2277322;-0.3047335;-0.006966233;0;0;0
0.2276488;-0.303568;-0.00560832;0;0;0
0.2276488;-0.303568;-0.00560832;0;0;0
0.2277245;-0.3025203;-0.005201221;0;0;0
0.2277245;-0.3025203;-0.005201221;0;0;0
0.2282099;-0.299491;-0.00467515;0;0;0
0.2282099;-0.299491;-0.00467515;0;0;0
0.228555;-0.2978123;-0.004582882;0;0;0
0.228555;-0.2978123;-0.004582882;0;0;0
0.2293846;-0.2947997;-0.0047369;0;0;0
