-0.2932781;0.250599;-0.08454275;0.3764706;0.6941177;0.4666667
-0.2918964;0.2495845;-0.08585107;0.3764706;0.6941177;0.4666667
-0.2918964;0.2495845;-0.08585107;0.3764706;0.6941177;0.4666667
-0.2899908;0.246093;-0.08705997;0.3764706;0.6941177;0.4666667
-0.2899908;0.246093;-0.08705997;0.3764706;0.6941177;0.4666667
-0.2880659;0.241678;-0.08705091;0.3764706;0.6941177;0.4666667
-0.2880659;0.241678;-0.08705091;0.3764706;0.6941177;0.4666667
-0.2872786;0.2397008;-0.0870707;0.3764706;0.6941177;0.4666667
-0.2872786;0.2397008;-0.0870707;0.3764706;0.6941177;0.4666667
-0.2848327;0.2353567;-0.08737016;0.3764706;0.6941177;0.4666667
-0.2848327;0.2353567;-0.08737016;0.3764706;0.6941177;0.4666667
-0.2825236;0.2320476;-0.08782518;0.3764706;0.6941177;0.4666667
-0.2825236;0.2320476;-0.08782518;0.3764706;0.6941177;0.4666667
-0.27647;0.2235956;-0.08974886;0.3764706;0.6941177;0.4666667
-0.27647;0.2235956;-0.08974886;0.3764706;0.6941177;0.4666667
-0.2748811;0.2212657;-0.09039521;0.3764706;0.6941177;0.4666667
-0.2748811;0.2212657;-0.09039521;0.3764706;0.6941177;0.4666667
-0.2673565;0.211359;-0.09262812;0.3764706;0.6941177;0.4666667
-0.2673565;0.211359;-0.09262812;0.3764706;0.6941177;0.4666667
-0.2587177;0.1988154;-0.09462941;0.3764706;0.6941177;0.4666667
-0.2587177;0.1988154;-0.09462941;0.3764706;0.6941177;0.4666667
-0.2550172;0.1932019;-0.09506595;0.3764706;0.6941177;0.4666667
-0.2550172;0.1932019;-0.09506595;0.3764706;0.6941177;0.4666667
-0.2491885;0.1835365;-0.09557486;0.3764706;0.6941177;0.4666667
-0.2491885;0.1835365;-0.09557486;0.3764706;0.6941177;0.4666667
-0.2438844;0.1750074;-0.09574211;0.3764706;0.6941177;0.4666667
-0.2438844;0.1750074;-0.09574211;0.3764706;0.6941177;0.4666667
-0.2340022;0.1577172;-0.09662116;0.3764706;0.6941177;0.4666667
-0.2340022;0.1577172;-0.09662116;0.3764706;0.6941177;0.4666667
-0.2312376;0.1532446;-0.09685957;0.3764706;0.6941177;0.4666667
-0.2312376;0.1532446;-0.09685957;0.3764706;0.6941177;0.4666667
-0.2234126;0.1404924;-0.09768856;0.3764706;0.6941177;0.4666667
-0.2234126;0.1404924;-0.09768856;0.3764706;0.6941177;0.4666667
-0.2064255;0.1128603;-0.09929967;0.3764706;0.6941177;0.4666667
-0.2064255;0.1128603;-0.09929967;0.3764706;0.6941177;0.4666667
-0.2020785;0.1055633;-0.0997237;0.3764706;0.6941177;0.4666667
-0.2020785;0.1055633;-0.0997237;0.3764706;0.6941177;0.4666667
-0.1938877;0.0920552;-0.1006581;0.3764706;0.6941177;0.4666667
-0.1938877;0.0920552;-0.1006581;0.3764706;0.6941177;0.4666667
-0.1865763;0.08094428;-0.1016945;0.3764706;0.6941177;0.4666667
-0.1865763;0.08094428;-0.1016945;0.3764706;0.6941177;0.4666667
-0.1730646;0.06150778;-0.1041275;0.3764706;0.6941177;0.4666667
-0.1730646;0.06150778;-0.1041275;0.3764706;0.6941177;0.4666667
-0.1696333;0.05670548;-0.1046956;0.3764706;0.6941177;0.4666667
-0.1696333;0.05670548;-0.1046956;0.3764706;0.6941177;0.4666667
-0.1590157;0.04190654;-0.1057693;0.3764706;0.6941177;0.4666667
-0.1590157;0.04190654;-0.1057693;0.3764706;0.6941177;0.4666667
-0.1535923;0.03400928;-0.1060452;0.3764706;0.6941177;0.4666667
-0.1535923;0.03400928;-0.1060452;0.3764706;0.6941177;0.4666667
-0.14383;0.01959458;-0.1058599;0.3764706;0.6941177;0.4666667
-0.14383;0.01959458;-0.1058599;0.3764706;0.6941177;0.4666667
-0.1397035;0.0136442;-0.1055921;0.3764706;0.6941177;0.4666667
-0.1397035;0.0136442;-0.1055921;0.3764706;0.6941177;0.4666667
-0.1266477;-0.004292463;-0.1046014;0.3764706;0.6941177;0.4666667
-0.1266477;-0.004292463;-0.1046014;0.3764706;0.6941177;0.4666667
-0.1167929;-0.01839653;-0.103942;0.3764706;0.6941177;0.4666667
-0.1167929;-0.01839653;-0.103942;0.3764706;0.6941177;0.4666667
-0.1068046;-0.03120248;-0.1028317;0.3764706;0.6941177;0.4666667
-0.1068046;-0.03120248;-0.1028317;0.3764706;0.6941177;0.4666667
-0.10572;-0.03260788;-0.1027191;0.3764706;0.6941177;0.4666667
-0.10572;-0.03260788;-0.1027191;0.3764706;0.6941177;0.4666667
-0.09767172;-0.04289209;-0.1016074;0.3764706;0.6941177;0.4666667
-0.09767172;-0.04289209;-0.1016074;0.3764706;0.6941177;0.4666667
-0.09638295;-0.04449311;-0.1013644;0.3764706;0.6941177;0.4666667
-0.09638295;-0.04449311;-0.1013644;0.3764706;0.6941177;0.4666667
-0.09010995;-0.05080833;-0.09964156;0.3764706;0.6941177;0.4666667
-0.09010995;-0.05080833;-0.09964156;0.3764706;0.6941177;0.4666667
-0.08817444;-0.05286188;-0.09920931;0.3764706;0.6941177;0.4666667
-0.08817444;-0.05286188;-0.09920931;0.3764706;0.6941177;0.4666667
-0.08112923;-0.05993698;-0.09768796;0.3764706;0.6941177;0.4666667
-0.08112923;-0.05993698;-0.09768796;0.3764706;0.6941177;0.4666667
-0.07620534;-0.06493736;-0.09609127;0.3764706;0.6941177;0.4666667
-0.07620534;-0.06493736;-0.09609127;0.3764706;0.6941177;0.4666667
-0.073119;-0.06815019;-0.09381628;0.3764706;0.6941177;0.4666667
-0.073119;-0.06815019;-0.09381628;0.3764706;0.6941177;0.4666667
-0.07161951;-0.068996;-0.09098029;0.3764706;0.6941177;0.4666667
-0.07161951;-0.068996;-0.09098029;0.3764706;0.6941177;0.4666667
-0.0701904;-0.06757831;-0.09010768;0.3764706;0.6941177;0.4666667
-0.0701904;-0.06757831;-0.09010768;0.3764706;0.6941177;0.4666667
-0.06929347;-0.06479713;-0.08944583;0.3764706;0.6941177;0.4666667
-0.06929347;-0.06479713;-0.08944583;0.3764706;0.6941177;0.4666667
-0.06916431;-0.06156444;-0.08896351;0.3764706;0.6941177;0.4666667
-0.06916431;-0.06156444;-0.08896351;0.3764706;0.6941177;0.4666667
-0.06898756;-0.0576431;-0.08889425;0.3764706;0.6941177;0.4666667
-0.06898756;-0.0576431;-0.08889425;0.3764706;0.6941177;0.4666667
-0.06900817;-0.05593213;-0.08906507;0.3764706;0.6941177;0.4666667
-0.06900817;-0.05593213;-0.08906507;0.3764706;0.6941177;0.4666667
-0.06994498;-0.05010395;-0.0891422;0.3764706;0.6941177;0.4666667
-0.06994498;-0.05010395;-0.0891422;0.3764706;0.6941177;0.4666667
-0.07077047;-0.04440385;-0.0892899;0.3764706;0.6941177;0.4666667
-0.07077047;-0.04440385;-0.0892899;0.3764706;0.6941177;0.4666667
-0.07089876;-0.04331625;-0.08940542;0.3764706;0.6941177;0.4666667
-0.07089876;-0.04331625;-0.08940542;0.3764706;0.6941177;0.4666667
-0.07143977;-0.03729623;-0.09009159;0.3764706;0.6941177;0.4666667
-0.07143977;-0.03729623;-0.09009159;0.3764706;0.6941177;0.4666667
-0.07166651;-0.03519985;-0.09038472;0.3764706;0.6941177;0.4666667
-0.07166651;-0.03519985;-0.09038472;0.3764706;0.6941177;0.4666667
-0.07224509;-0.02918069;-0.09124565;0.3764706;0.6941177;0.4666667
-0.07224509;-0.02918069;-0.09124565;0.3764706;0.6941177;0.4666667
-0.07258955;-0.02650532;-0.091627;0.3764706;0.6941177;0.4666667
-0.07258955;-0.02650532;-0.091627;0.3764706;0.6941177;0.4666667
-0.07453719;-0.01772019;-0.0932337;0.3764706;0.6941177;0.4666667
-0.07453719;-0.01772019;-0.0932337;0.3764706;0.6941177;0.4666667
-0.07605014;-0.009648035;-0.09435534;0.3764706;0.6941177;0.4666667
-0.07605014;-0.009648035;-0.09435534;0.3764706;0.6941177;0.4666667
-0.07649334;-0.007563153;-0.09470177;0.3764706;0.6941177;0.4666667
-0.07649334;-0.007563153;-0.09470177;0.3764706;0.6941177;0.4666667
-0.07848082;0.001393071;-0.09604537;0.3764706;0.6941177;0.4666667
-0.07848082;0.001393071;-0.09604537;0.3764706;0.6941177;0.4666667
-0.07926683;0.003612983;-0.09651411;0.3764706;0.6941177;0.4666667
-0.07926683;0.003612983;-0.09651411;0.3764706;0.6941177;0.4666667
-0.08127409;0.01164878;-0.09773207;0.3764706;0.6941177;0.4666667
-0.08127409;0.01164878;-0.09773207;0.3764706;0.6941177;0.4666667
-0.08226827;0.0164608;-0.09839177;0.3764706;0.6941177;0.4666667
-0.08226827;0.0164608;-0.09839177;0.3764706;0.6941177;0.4666667
-0.08402242;0.03158008;-0.1011285;0.3764706;0.6941177;0.4666667
-0.08402242;0.03158008;-0.1011285;0.3764706;0.6941177;0.4666667
-0.08406046;0.04504642;-0.1046617;0.3764706;0.6941177;0.4666667
-0.08406046;0.04504642;-0.1046617;0.3764706;0.6941177;0.4666667
-0.08387426;0.04932842;-0.1059375;0.3764706;0.6941177;0.4666667
-0.08387426;0.04932842;-0.1059375;0.3764706;0.6941177;0.4666667
-0.08304188;0.06110502;-0.1095031;0.3764706;0.6941177;0.4666667
-0.08304188;0.06110502;-0.1095031;0.3764706;0.6941177;0.4666667
-0.08275391;0.06613415;-0.1108527;0.3764706;0.6941177;0.4666667
-0.08275391;0.06613415;-0.1108527;0.3764706;0.6941177;0.4666667
-0.08270106;0.07596977;-0.1129482;0.3764706;0.6941177;0.4666667
-0.08270106;0.07596977;-0.1129482;0.3764706;0.6941177;0.4666667
-0.08296428;0.08089432;-0.1135745;0.3764706;0.6941177;0.4666667
-0.08296428;0.08089432;-0.1135745;0.3764706;0.6941177;0.4666667
-0.08406363;0.08993999;-0.1146065;0.3764706;0.6941177;0.4666667
-0.08406363;0.08993999;-0.1146065;0.3764706;0.6941177;0.4666667
-0.08423102;0.09216295;-0.1146817;0.3764706;0.6941177;0.4666667
-0.08423102;0.09216295;-0.1146817;0.3764706;0.6941177;0.4666667
-0.08492815;0.09948397;-0.1146562;0.3764706;0.6941177;0.4666667
-0.08492815;0.09948397;-0.1146562;0.3764706;0.6941177;0.4666667
-0.08499487;0.101052;-0.1145325;0.3764706;0.6941177;0.4666667
-0.08499487;0.101052;-0.1145325;0.3764706;0.6941177;0.4666667
-0.08505441;0.1052953;-0.1140195;0.3764706;0.6941177;0.4666667
-0.08505441;0.1052953;-0.1140195;0.3764706;0.6941177;0.4666667
-0.08502781;0.1066101;-0.1138166;0.3764706;0.6941177;0.4666667
-0.08502781;0.1066101;-0.1138166;0.3764706;0.6941177;0.4666667
-0.08455963;0.1082404;-0.1133615;0.3764706;0.6941177;0.4666667
-0.08455963;0.1082404;-0.1133615;0.3764706;0.6941177;0.4666667
-0.08342978;0.1084671;-0.1129426;0.3764706;0.6941177;0.4666667
-0.08342978;0.1084671;-0.1129426;0.3764706;0.6941177;0.4666667
-0.08276534;0.1063958;-0.1116996;0.3764706;0.6941177;0.4666667
-0.08276534;0.1063958;-0.1116996;0.3764706;0.6941177;0.4666667
-0.08191001;0.1047054;-0.1103458;0.3764706;0.6941177;0.4666667
-0.04496555;0.300501;-0.1850775;0.3764706;0.6941177;0.4666667
-0.04868359;0.2927904;-0.1846169;0.3764706;0.6941177;0.4666667
-0.04868359;0.2927904;-0.1846169;0.3764706;0.6941177;0.4666667
-0.05308883;0.282032;-0.1814567;0.3764706;0.6941177;0.4666667
-0.05308883;0.282032;-0.1814567;0.3764706;0.6941177;0.4666667
-0.05400068;0.2798327;-0.1805769;0.3764706;0.6941177;0.4666667
-0.05400068;0.2798327;-0.1805769;0.3764706;0.6941177;0.4666667
-0.05998121;0.2653233;-0.1740789;0.3764706;0.6941177;0.4666667
-0.05998121;0.2653233;-0.1740789;0.3764706;0.6941177;0.4666667
-0.0611231;0.2624689;-0.1726836;0.3764706;0.6941177;0.4666667
-0.0611231;0.2624689;-0.1726836;0.3764706;0.6941177;0.4666667
-0.06631546;0.2479122;-0.165589;0.3764706;0.6941177;0.4666667
-0.06631546;0.2479122;-0.165589;0.3764706;0.6941177;0.4666667
-0.06840977;0.2410651;-0.1622846;0.3764706;0.6941177;0.4666667
-0.06840977;0.2410651;-0.1622846;0.3764706;0.6941177;0.4666667
-0.0716661;0.218641;-0.1483015;0.3764706;0.6941177;0.4666667
-0.0716661;0.218641;-0.1483015;0.3764706;0.6941177;0.4666667
-0.07577658;0.1954309;-0.1366351;0.3764706;0.6941177;0.4666667
-0.07577658;0.1954309;-0.1366351;0.3764706;0.6941177;0.4666667
-0.07631731;0.1912111;-0.1345025;0.3764706;0.6941177;0.4666667
-0.07631731;0.1912111;-0.1345025;0.3764706;0.6941177;0.4666667
-0.0781891;0.1662628;-0.1228302;0.3764706;0.6941177;0.4666667
-0.0781891;0.1662628;-0.1228302;0.3764706;0.6941177;0.4666667
-0.07837056;0.1621104;-0.1199465;0.3764706;0.6941177;0.4666667
-0.07837056;0.1621104;-0.1199465;0.3764706;0.6941177;0.4666667
-0.07866059;0.1413201;-0.1087128;0.3764706;0.6941177;0.4666667
-0.07866059;0.1413201;-0.1087128;0.3764706;0.6941177;0.4666667
-0.07836027;0.1317714;-0.1041948;0.3764706;0.6941177;0.4666667
-0.07836027;0.1317714;-0.1041948;0.3764706;0.6941177;0.4666667
-0.0770081;0.09872191;-0.09140861;0.3764706;0.6941177;0.4666667
-0.0770081;0.09872191;-0.09140861;0.3764706;0.6941177;0.4666667
-0.0737932;0.0708782;-0.08126259;0.3764706;0.6941177;0.4666667
-0.0737932;0.0708782;-0.08126259;0.3764706;0.6941177;0.4666667
-0.07287065;0.06447186;-0.07896924;0.3764706;0.6941177;0.4666667
-0.07287065;0.06447186;-0.07896924;0.3764706;0.6941177;0.4666667
-0.06844339;0.0401818;-0.0707494;0.3764706;0.6941177;0.4666667
-0.06844339;0.0401818;-0.0707494;0.3764706;0.6941177;0.4666667
-0.06713326;0.03438038;-0.06886542;0.3764706;0.6941177;0.4666667
-0.06713326;0.03438038;-0.06886542;0.3764706;0.6941177;0.4666667
-0.06344917;0.01620788;-0.06413782;0.3764706;0.6941177;0.4666667
-0.06344917;0.01620788;-0.06413782;0.3764706;0.6941177;0.4666667
-0.06118488;0.00766927;-0.06096888;0.3764706;0.6941177;0.4666667
-0.06118488;0.00766927;-0.06096888;0.3764706;0.6941177;0.4666667
-0.05467319;-0.01492568;-0.05414677;0.3764706;0.6941177;0.4666667
-0.05467319;-0.01492568;-0.05414677;0.3764706;0.6941177;0.4666667
-0.04764551;-0.02985685;-0.0511657;0.3764706;0.6941177;0.4666667
-0.04764551;-0.02985685;-0.0511657;0.3764706;0.6941177;0.4666667
-0.04632003;-0.03216135;-0.05095482;0.3764706;0.6941177;0.4666667
-0.04632003;-0.03216135;-0.05095482;0.3764706;0.6941177;0.4666667
-0.0307851;-0.0503852;-0.05179787;0.3764706;0.6941177;0.4666667
-0.006388746;-0.04604479;-0.02484834;0.3764706;0.6941177;0.4666667
-0.006824762;-0.04413209;-0.02496576;0.3764706;0.6941177;0.4666667
-0.006824762;-0.04413209;-0.02496576;0.3764706;0.6941177;0.4666667
-0.008589201;-0.03640252;-0.02567387;0.3764706;0.6941177;0.4666667
-0.008589201;-0.03640252;-0.02567387;0.3764706;0.6941177;0.4666667
-0.008991174;-0.03399298;-0.02585506;0.3764706;0.6941177;0.4666667
-0.008991174;-0.03399298;-0.02585506;0.3764706;0.6941177;0.4666667
-0.01008169;-0.02343449;-0.02727604;0.3764706;0.6941177;0.4666667
-0.01008169;-0.02343449;-0.02727604;0.3764706;0.6941177;0.4666667
-0.009945445;-0.01797289;-0.02801979;0.3764706;0.6941177;0.4666667
-0.009945445;-0.01797289;-0.02801979;0.3764706;0.6941177;0.4666667
-0.008997075;0.002984982;-0.03279757;0.3764706;0.6941177;0.4666667
-0.008997075;0.002984982;-0.03279757;0.3764706;0.6941177;0.4666667
-0.006053738;0.02372286;-0.0390079;0.3764706;0.6941177;0.4666667
-0.006053738;0.02372286;-0.0390079;0.3764706;0.6941177;0.4666667
-0.0049995;0.02929834;-0.04092908;0.3764706;0.6941177;0.4666667
-0.0049995;0.02929834;-0.04092908;0.3764706;0.6941177;0.4666667
0.0009362921;0.05382418;-0.04956269;0.3764706;0.6941177;0.4666667
0.0009362921;0.05382418;-0.04956269;0.3764706;0.6941177;0.4666667
0.00307614;0.06081055;-0.05174565;0.3764706;0.6941177;0.4666667
0.00307614;0.06081055;-0.05174565;0.3764706;0.6941177;0.4666667
0.01292168;0.08756597;-0.05925453;0.3764706;0.6941177;0.4666667
0.01292168;0.08756597;-0.05925453;0.3764706;0.6941177;0.4666667
0.01741252;0.09850157;-0.06370449;0.3764706;0.6941177;0.4666667
0.01741252;0.09850157;-0.06370449;0.3764706;0.6941177;0.4666667
0.03332987;0.1352247;-0.07897496;0.3764706;0.6941177;0.4666667
0.03332987;0.1352247;-0.07897496;0.3764706;0.6941177;0.4666667
0.04256997;0.1548471;-0.08767462;0.3764706;0.6941177;0.4666667
0.04256997;0.1548471;-0.08767462;0.3764706;0.6941177;0.4666667
0.05124226;0.1714797;-0.0940702;0.3764706;0.6941177;0.4666667
0.05124226;0.1714797;-0.0940702;0.3764706;0.6941177;0.4666667
0.06820455;0.2003147;-0.1051024;0.3764706;0.6941177;0.4666667
0.06820455;0.2003147;-0.1051024;0.3764706;0.6941177;0.4666667
0.07284185;0.2073769;-0.1078123;0.3764706;0.6941177;0.4666667
0.07284185;0.2073769;-0.1078123;0.3764706;0.6941177;0.4666667
0.08809242;0.2285903;-0.1167227;0.3764706;0.6941177;0.4666667
0.08809242;0.2285903;-0.1167227;0.3764706;0.6941177;0.4666667
0.09640938;0.2392242;-0.1210589;0.3764706;0.6941177;0.4666667
0.09640938;0.2392242;-0.1210589;0.3764706;0.6941177;0.4666667
0.1115493;0.2575215;-0.128602;0.3764706;0.6941177;0.4666667
0.1115493;0.2575215;-0.128602;0.3764706;0.6941177;0.4666667
0.1344196;0.2836173;-0.1379668;0.3764706;0.6941177;0.4666667
0.1344196;0.2836173;-0.1379668;0.3764706;0.6941177;0.4666667
0.1384903;0.2886885;-0.1388289;0.3764706;0.6941177;0.4666667
0.1384903;0.2886885;-0.1388289;0.3764706;0.6941177;0.4666667
0.1467911;0.3010879;-0.1371729;0.3764706;0.6941177;0.4666667
0.1467911;0.3010879;-0.1371729;0.3764706;0.6941177;0.4666667
0.1500211;0.3050489;-0.1375105;0.3764706;0.6941177;0.4666667
0.1500211;0.3050489;-0.1375105;0.3764706;0.6941177;0.4666667
0.154046;0.3104628;-0.1370246;0.3764706;0.6941177;0.4666667
0.154046;0.3104628;-0.1370246;0.3764706;0.6941177;0.4666667
0.1555792;0.3124695;-0.1365354;0.3764706;0.6941177;0.4666667
0.006828934;-0.05157362;0.01441741;0.3764706;0.6941177;0.4666667
0.006728321;-0.0502471;0.01059258;0.3764706;0.6941177;0.4666667
0.006728321;-0.0502471;0.01059258;0.3764706;0.6941177;0.4666667
0.006963838;-0.04865585;0.009330392;0.3764706;0.6941177;0.4666667
0.006963838;-0.04865585;0.009330392;0.3764706;0.6941177;0.4666667
0.008084241;-0.04267662;0.005105019;0.3764706;0.6941177;0.4666667
0.008084241;-0.04267662;0.005105019;0.3764706;0.6941177;0.4666667
0.009344917;-0.03813614;0.002417207;0.3764706;0.6941177;0.4666667
0.009344917;-0.03813614;0.002417207;0.3764706;0.6941177;0.4666667
0.01377522;-0.01878137;-0.002271414;0.3764706;0.6941177;0.4666667
0.01377522;-0.01878137;-0.002271414;0.3764706;0.6941177;0.4666667
0.01488768;-0.01550989;-0.003813624;0.3764706;0.6941177;0.4666667
0.01488768;-0.01550989;-0.003813624;0.3764706;0.6941177;0.4666667
0.02152907;0.002085703;-0.01288819;0.3764706;0.6941177;0.4666667
0.02152907;0.002085703;-0.01288819;0.3764706;0.6941177;0.4666667
0.02386636;0.007254838;-0.0154171;0.3764706;0.6941177;0.4666667
0.02386636;0.007254838;-0.0154171;0.3764706;0.6941177;0.4666667
0.06215671;0.06351015;-0.0484395;0.3764706;0.6941177;0.4666667
0.06215671;0.06351015;-0.0484395;0.3764706;0.6941177;0.4666667
0.08486687;0.08661577;-0.06343555;0.3764706;0.6941177;0.4666667
0.08486687;0.08661577;-0.06343555;0.3764706;0.6941177;0.4666667
0.09125572;0.09240897;-0.06716919;0.3764706;0.6941177;0.4666667
0.09125572;0.09240897;-0.06716919;0.3764706;0.6941177;0.4666667
0.1204731;0.1154759;-0.08109713;0.3764706;0.6941177;0.4666667
0.1204731;0.1154759;-0.08109713;0.3764706;0.6941177;0.4666667
0.1280332;0.120711;-0.08467114;0.3764706;0.6941177;0.4666667
0.1280332;0.120711;-0.08467114;0.3764706;0.6941177;0.4666667
0.1546079;0.1366984;-0.09684169;0.3764706;0.6941177;0.4666667
0.1546079;0.1366984;-0.09684169;0.3764706;0.6941177;0.4666667
0.1667913;0.1436975;-0.1013763;0.3764706;0.6941177;0.4666667
0.1667913;0.1436975;-0.1013763;0.3764706;0.6941177;0.4666667
0.20633;0.1649876;-0.1125697;0.3764706;0.6941177;0.4666667
0.20633;0.1649876;-0.1125697;0.3764706;0.6941177;0.4666667
0.2402034;0.1790386;-0.1214838;0.3764706;0.6941177;0.4666667
0.2402034;0.1790386;-0.1214838;0.3764706;0.6941177;0.4666667
0.2477288;0.1819365;-0.1230788;0.3764706;0.6941177;0.4666667
0.2477288;0.1819365;-0.1230788;0.3764706;0.6941177;0.4666667
0.2714997;0.1892732;-0.1297351;0.3764706;0.6941177;0.4666667
0.2714997;0.1892732;-0.1297351;0.3764706;0.6941177;0.4666667
0.2771532;0.1911879;-0.1307311;0.3764706;0.6941177;0.4666667
0.2771532;0.1911879;-0.1307311;0.3764706;0.6941177;0.4666667
0.2933703;0.195997;-0.1341078;0.3764706;0.6941177;0.4666667
0.2933703;0.195997;-0.1341078;0.3764706;0.6941177;0.4666667
0.2994717;0.1980449;-0.1347028;0.3764706;0.6941177;0.4666667
0.2994717;0.1980449;-0.1347028;0.3764706;0.6941177;0.4666667
0.3085247;0.2006388;-0.1359191;0.3764706;0.6941177;0.4666667
0.3085247;0.2006388;-0.1359191;0.3764706;0.6941177;0.4666667
0.3132569;0.2020962;-0.136035;0.3764706;0.6941177;0.4666667
0.03085659;-0.0633773;0.05319607;0.3764706;0.6941177;0.4666667
0.03208579;-0.06080913;0.0541091;0.3764706;0.6941177;0.4666667
0.03208579;-0.06080913;0.0541091;0.3764706;0.6941177;0.4666667
0.03231229;-0.05629913;0.05571127;0.3764706;0.6941177;0.4666667
0.03231229;-0.05629913;0.05571127;0.3764706;0.6941177;0.4666667
0.03226893;-0.05478242;0.05628812;0.3764706;0.6941177;0.4666667
0.03226893;-0.05478242;0.05628812;0.3764706;0.6941177;0.4666667
0.03114069;-0.04829498;0.05841827;0.3764706;0.6941177;0.4666667
0.03114069;-0.04829498;0.05841827;0.3764706;0.6941177;0.4666667
0.03107165;-0.04616601;0.05907726;0.3764706;0.6941177;0.4666667
0.03107165;-0.04616601;0.05907726;0.3764706;0.6941177;0.4666667
0.03075162;-0.03998025;0.06027174;0.3764706;0.6941177;0.4666667
0.03075162;-0.03998025;0.06027174;0.3764706;0.6941177;0.4666667
0.03356293;-0.02202185;0.06035304;0.3764706;0.6941177;0.4666667
0.03356293;-0.02202185;0.06035304;0.3764706;0.6941177;0.4666667
0.03724965;-0.008784425;0.05865979;0.3764706;0.6941177;0.4666667
0.03724965;-0.008784425;0.05865979;0.3764706;0.6941177;0.4666667
0.03844652;-0.004990338;0.05815721;0.3764706;0.6941177;0.4666667
0.03844652;-0.004990338;0.05815721;0.3764706;0.6941177;0.4666667
0.04397747;0.01106927;0.05542207;0.3764706;0.6941177;0.4666667
0.04397747;0.01106927;0.05542207;0.3764706;0.6941177;0.4666667
0.04552581;0.01548538;0.05479312;0.3764706;0.6941177;0.4666667
0.04552581;0.01548538;0.05479312;0.3764706;0.6941177;0.4666667
0.05118694;0.03152659;0.05293632;0.3764706;0.6941177;0.4666667
0.05118694;0.03152659;0.05293632;0.3764706;0.6941177;0.4666667
0.05202991;0.03384505;0.0526228;0.3764706;0.6941177;0.4666667
0.05202991;0.03384505;0.0526228;0.3764706;0.6941177;0.4666667
0.05902177;0.05303596;0.0498184;0.3764706;0.6941177;0.4666667
0.05902177;0.05303596;0.0498184;0.3764706;0.6941177;0.4666667
0.06280404;0.06309287;0.04828429;0.3764706;0.6941177;0.4666667
0.06280404;0.06309287;0.04828429;0.3764706;0.6941177;0.4666667
0.07251003;0.08550559;0.04461789;0.3764706;0.6941177;0.4666667
0.07251003;0.08550559;0.04461789;0.3764706;0.6941177;0.4666667
0.07536525;0.0915928;0.04356039;0.3764706;0.6941177;0.4666667
0.07536525;0.0915928;0.04356039;0.3764706;0.6941177;0.4666667
0.08633782;0.1136006;0.0403713;0.3764706;0.6941177;0.4666667
0.08633782;0.1136006;0.0403713;0.3764706;0.6941177;0.4666667
0.1078706;0.1531351;0.03446293;0.3764706;0.6941177;0.4666667
0.1078706;0.1531351;0.03446293;0.3764706;0.6941177;0.4666667
0.112171;0.1607785;0.03360283;0.3764706;0.6941177;0.4666667
0.112171;0.1607785;0.03360283;0.3764706;0.6941177;0.4666667
0.1269227;0.1849729;0.0300684;0.3764706;0.6941177;0.4666667
0.1269227;0.1849729;0.0300684;0.3764706;0.6941177;0.4666667
0.1376907;0.2012254;0.0275358;0.3764706;0.6941177;0.4666667
0.1376907;0.2012254;0.0275358;0.3764706;0.6941177;0.4666667
0.1582108;0.2295818;0.0233295;0.3764706;0.6941177;0.4666667
0.1582108;0.2295818;0.0233295;0.3764706;0.6941177;0.4666667
0.1635491;0.2366233;0.02242017;0.3764706;0.6941177;0.4666667
0.1635491;0.2366233;0.02242017;0.3764706;0.6941177;0.4666667
0.1840982;0.2628958;0.01972258;0.3764706;0.6941177;0.4666667
0.1840982;0.2628958;0.01972258;0.3764706;0.6941177;0.4666667
0.2039667;0.2886562;0.01859152;0.3764706;0.6941177;0.4666667
0.2039667;0.2886562;0.01859152;0.3764706;0.6941177;0.4666667
0.2086314;0.2983057;0.02222824;0.3764706;0.6941177;0.4666667
0.2086314;0.2983057;0.02222824;0.3764706;0.6941177;0.4666667
0.2176822;0.3109024;0.0230993;0.3764706;0.6941177;0.4666667
0.2176822;0.3109024;0.0230993;0.3764706;0.6941177;0.4666667
0.2234234;0.3194076;0.02414083;0.3764706;0.6941177;0.4666667
0.2234234;0.3194076;0.02414083;0.3764706;0.6941177;0.4666667
0.23159;0.3302097;0.02536213;0.3764706;0.6941177;0.4666667
0.23159;0.3302097;0.02536213;0.3764706;0.6941177;0.4666667
0.2329809;0.3320261;0.02561641;0.3764706;0.6941177;0.4666667
0.2329809;0.3320261;0.02561641;0.3764706;0.6941177;0.4666667
0.2353758;0.3354891;0.02650762;0.3764706;0.6941177;0.4666667
0.2353758;0.3354891;0.02650762;0.3764706;0.6941177;0.4666667
0.2325376;0.333708;0.02866423;0.3764706;0.6941177;0.4666667
0.2325376;0.333708;0.02866423;0.3764706;0.6941177;0.4666667
0.2305688;0.3316971;0.02934039;0.3764706;0.6941177;0.4666667
0.2305688;0.3316971;0.02934039;0.3764706;0.6941177;0.4666667
0.2253977;0.3265103;0.03194726;0.3764706;0.6941177;0.4666667
0.2253977;0.3265103;0.03194726;0.3764706;0.6941177;0.4666667
0.2213576;0.3219234;0.03349853;0.3764706;0.6941177;0.4666667
0.04025133;-0.1423385;0.06034756;0.3764706;0.6941177;0.4666667
0.03692468;-0.1398835;0.05997097;0.3764706;0.6941177;0.4666667
0.03692468;-0.1398835;0.05997097;0.3764706;0.6941177;0.4666667
0.03583029;-0.1388965;0.05983484;0.3764706;0.6941177;0.4666667
0.03583029;-0.1388965;0.05983484;0.3764706;0.6941177;0.4666667
0.03150089;-0.1347086;0.0587126;0.3764706;0.6941177;0.4666667
0.03150089;-0.1347086;0.0587126;0.3764706;0.6941177;0.4666667
0.02844701;-0.1316559;0.05795491;0.3764706;0.6941177;0.4666667
0.02844701;-0.1316559;0.05795491;0.3764706;0.6941177;0.4666667
0.02230604;-0.1245132;0.05655777;0.3764706;0.6941177;0.4666667
0.02230604;-0.1245132;0.05655777;0.3764706;0.6941177;0.4666667
0.01750157;-0.1184859;0.05568159;0.3764706;0.6941177;0.4666667
0.01750157;-0.1184859;0.05568159;0.3764706;0.6941177;0.4666667
0.006100029;-0.1044838;0.05379474;0.3764706;0.6941177;0.4666667
0.006100029;-0.1044838;0.05379474;0.3764706;0.6941177;0.4666667
-0.01540527;-0.07306466;0.05336225;0.3764706;0.6941177;0.4666667
-0.01540527;-0.07306466;0.05336225;0.3764706;0.6941177;0.4666667
-0.02577854;-0.05769762;0.05263603;0.3764706;0.6941177;0.4666667
-0.02577854;-0.05769762;0.05263603;0.3764706;0.6941177;0.4666667
-0.03377081;-0.04574423;0.05240738;0.3764706;0.6941177;0.4666667
-0.03377081;-0.04574423;0.05240738;0.3764706;0.6941177;0.4666667
-0.05086134;-0.01991941;0.05257261;0.3764706;0.6941177;0.4666667
-0.05086134;-0.01991941;0.05257261;0.3764706;0.6941177;0.4666667
-0.05526435;-0.01331587;0.05292559;0.3764706;0.6941177;0.4666667
-0.05526435;-0.01331587;0.05292559;0.3764706;0.6941177;0.4666667
-0.0746516;0.01451965;0.05584323;0.3764706;0.6941177;0.4666667
-0.0746516;0.01451965;0.05584323;0.3764706;0.6941177;0.4666667
-0.0978325;0.04735812;0.0630945;0.3764706;0.6941177;0.4666667
-0.0978325;0.04735812;0.0630945;0.3764706;0.6941177;0.4666667
-0.1017654;0.05303735;0.06464148;0.3764706;0.6941177;0.4666667
-0.1017654;0.05303735;0.06464148;0.3764706;0.6941177;0.4666667
-0.1203081;0.0795866;0.07247221;0.3764706;0.6941177;0.4666667
-0.1203081;0.0795866;0.07247221;0.3764706;0.6941177;0.4666667
-0.1263745;0.08829041;0.07532501;0.3764706;0.6941177;0.4666667
-0.1263745;0.08829041;0.07532501;0.3764706;0.6941177;0.4666667
-0.1491711;0.1213152;0.08855617;0.3764706;0.6941177;0.4666667
-0.1491711;0.1213152;0.08855617;0.3764706;0.6941177;0.4666667
-0.1677294;0.1473226;0.101285;0.3764706;0.6941177;0.4666667
-0.1677294;0.1473226;0.101285;0.3764706;0.6941177;0.4666667
-0.1696037;0.1499462;0.1026877;0.3764706;0.6941177;0.4666667
-0.1696037;0.1499462;0.1026877;0.3764706;0.6941177;0.4666667
-0.1845809;0.1700717;0.1142998;0.3764706;0.6941177;0.4666667
-0.1845809;0.1700717;0.1142998;0.3764706;0.6941177;0.4666667
-0.1869867;0.173217;0.1162276;0.3764706;0.6941177;0.4666667
-0.1869867;0.173217;0.1162276;0.3764706;0.6941177;0.4666667
-0.1975463;0.1859155;0.1246567;0.3764706;0.6941177;0.4666667
-0.1975463;0.1859155;0.1246567;0.3764706;0.6941177;0.4666667
-0.2007646;0.1894245;0.1272416;0.3764706;0.6941177;0.4666667
-0.2007646;0.1894245;0.1272416;0.3764706;0.6941177;0.4666667
-0.2115474;0.1987661;0.1356198;0.3764706;0.6941177;0.4666667
-0.2115474;0.1987661;0.1356198;0.3764706;0.6941177;0.4666667
-0.2189094;0.2018326;0.1408069;0.3764706;0.6941177;0.4666667
-0.2189094;0.2018326;0.1408069;0.3764706;0.6941177;0.4666667
-0.2224591;0.2006993;0.1426286;0.3764706;0.6941177;0.4666667
-0.2224591;0.2006993;0.1426286;0.3764706;0.6941177;0.4666667
-0.2233283;0.196962;0.1429234;0.3764706;0.6941177;0.4666667
-0.2233283;0.196962;0.1429234;0.3764706;0.6941177;0.4666667
-0.2230545;0.1955667;0.1426618;0.3764706;0.6941177;0.4666667
-0.2230545;0.1955667;0.1426618;0.3764706;0.6941177;0.4666667
-0.2199586;0.1880684;0.1403419;0.3764706;0.6941177;0.4666667
-0.2199586;0.1880684;0.1403419;0.3764706;0.6941177;0.4666667
-0.2149774;0.1796747;0.1371835;0.3764706;0.6941177;0.4666667
-0.2149774;0.1796747;0.1371835;0.3764706;0.6941177;0.4666667
-0.2136067;0.1775466;0.136384;0.3764706;0.6941177;0.4666667
-0.0015903;-0.1107061;0.07849574;0.3764706;0.6941177;0.4666667
-0.005189169;-0.1113623;0.0793618;0.3764706;0.6941177;0.4666667
-0.005189169;-0.1113623;0.0793618;0.3764706;0.6941177;0.4666667
-0.01081655;-0.1087175;0.08173776;0.3764706;0.6941177;0.4666667
-0.01081655;-0.1087175;0.08173776;0.3764706;0.6941177;0.4666667
-0.01265789;-0.1074574;0.08258283;0.3764706;0.6941177;0.4666667
-0.01265789;-0.1074574;0.08258283;0.3764706;0.6941177;0.4666667
-0.02147133;-0.1004606;0.08638299;0.3764706;0.6941177;0.4666667
-0.02147133;-0.1004606;0.08638299;0.3764706;0.6941177;0.4666667
-0.02405639;-0.09814361;0.08756959;0.3764706;0.6941177;0.4666667
-0.02405639;-0.09814361;0.08756959;0.3764706;0.6941177;0.4666667
-0.03503389;-0.08679575;0.09338689;0.3764706;0.6941177;0.4666667
-0.03503389;-0.08679575;0.09338689;0.3764706;0.6941177;0.4666667
-0.03901901;-0.08201929;0.0955776;0.3764706;0.6941177;0.4666667
-0.03901901;-0.08201929;0.0955776;0.3764706;0.6941177;0.4666667
-0.04964777;-0.06767096;0.1014487;0.3764706;0.6941177;0.4666667
-0.04964777;-0.06767096;0.1014487;0.3764706;0.6941177;0.4666667
-0.05565334;-0.05879959;0.1047177;0.3764706;0.6941177;0.4666667
-0.05565334;-0.05879959;0.1047177;0.3764706;0.6941177;0.4666667
-0.06663502;-0.0284399;0.1160734;0.3764706;0.6941177;0.4666667
-0.06663502;-0.0284399;0.1160734;0.3764706;0.6941177;0.4666667
-0.07031276;-0.02176682;0.1186858;0.3764706;0.6941177;0.4666667
-0.07031276;-0.02176682;0.1186858;0.3764706;0.6941177;0.4666667
-0.08671401;0.00960625;0.1323204;0.3764706;0.6941177;0.4666667
-0.08671401;0.00960625;0.1323204;0.3764706;0.6941177;0.4666667
-0.0897636;0.01541383;0.1351531;0.3764706;0.6941177;0.4666667
-0.0897636;0.01541383;0.1351531;0.3764706;0.6941177;0.4666667
-0.1051348;0.0443391;0.1508514;0.3764706;0.6941177;0.4666667
-0.1051348;0.0443391;0.1508514;0.3764706;0.6941177;0.4666667
-0.1111797;0.05658649;0.1579763;0.3764706;0.6941177;0.4666667
-0.1111797;0.05658649;0.1579763;0.3764706;0.6941177;0.4666667
-0.1231251;0.07990891;0.1731733;0.3764706;0.6941177;0.4666667
-0.1231251;0.07990891;0.1731733;0.3764706;0.6941177;0.4666667
-0.1306887;0.09566443;0.1841645;0.3764706;0.6941177;0.4666667
-0.1306887;0.09566443;0.1841645;0.3764706;0.6941177;0.4666667
-0.1447433;0.1245122;0.207171;0.3764706;0.6941177;0.4666667
-0.1447433;0.1245122;0.207171;0.3764706;0.6941177;0.4666667
-0.1482405;0.1313787;0.2133443;0.3764706;0.6941177;0.4666667
-0.1482405;0.1313787;0.2133443;0.3764706;0.6941177;0.4666667
-0.1607355;0.1554672;0.2374202;0.3764706;0.6941177;0.4666667
-0.1607355;0.1554672;0.2374202;0.3764706;0.6941177;0.4666667
-0.1637016;0.161065;0.2436519;0.3764706;0.6941177;0.4666667
-0.1637016;0.161065;0.2436519;0.3764706;0.6941177;0.4666667
-0.1721106;0.1809797;0.2670577;0.3764706;0.6941177;0.4666667
-0.1721106;0.1809797;0.2670577;0.3764706;0.6941177;0.4666667
-0.1755491;0.187848;0.2760644;0.3764706;0.6941177;0.4666667
-0.1755491;0.187848;0.2760644;0.3764706;0.6941177;0.4666667
-0.1822467;0.1986372;0.2922419;0.3764706;0.6941177;0.4666667
-0.1822467;0.1986372;0.2922419;0.3764706;0.6941177;0.4666667
-0.1858383;0.2052735;0.30278;0.3764706;0.6941177;0.4666667
-0.1858383;0.2052735;0.30278;0.3764706;0.6941177;0.4666667
-0.19122;0.2149394;0.3194491;0.3764706;0.6941177;0.4666667
-0.19122;0.2149394;0.3194491;0.3764706;0.6941177;0.4666667
-0.1923707;0.2166952;0.322842;0.3764706;0.6941177;0.4666667
-0.1923707;0.2166952;0.322842;0.3764706;0.6941177;0.4666667
-0.1952052;0.2219427;0.3333306;0.3764706;0.6941177;0.4666667
-0.1952052;0.2219427;0.3333306;0.3764706;0.6941177;0.4666667
-0.1955922;0.2228292;0.3352395;0.3764706;0.6941177;0.4666667
-0.1955922;0.2228292;0.3352395;0.3764706;0.6941177;0.4666667
-0.1930304;0.2223157;0.3355966;0.3764706;0.6941177;0.4666667
-0.02986982;-0.09927812;-0.007385731;0.3764706;0.6941177;0.4666667
-0.03138093;-0.09881964;-0.008886576;0.3764706;0.6941177;0.4666667
-0.03138093;-0.09881964;-0.008886576;0.3764706;0.6941177;0.4666667
-0.03805354;-0.09520977;-0.01367724;0.3764706;0.6941177;0.4666667
-0.03805354;-0.09520977;-0.01367724;0.3764706;0.6941177;0.4666667
-0.04539105;-0.0894239;-0.0168587;0.3764706;0.6941177;0.4666667
-0.04539105;-0.0894239;-0.0168587;0.3764706;0.6941177;0.4666667
-0.04735724;-0.08786654;-0.01788032;0.3764706;0.6941177;0.4666667
-0.04735724;-0.08786654;-0.01788032;0.3764706;0.6941177;0.4666667
-0.05442027;-0.08039444;-0.02158928;0.3764706;0.6941177;0.4666667
-0.05442027;-0.08039444;-0.02158928;0.3764706;0.6941177;0.4666667
-0.05637635;-0.0784229;-0.02268517;0.3764706;0.6941177;0.4666667
-0.05637635;-0.0784229;-0.02268517;0.3764706;0.6941177;0.4666667
-0.06352885;-0.070626;-0.02608716;0.3764706;0.6941177;0.4666667
-0.06352885;-0.070626;-0.02608716;0.3764706;0.6941177;0.4666667
-0.06691889;-0.0671041;-0.0275557;0.3764706;0.6941177;0.4666667
-0.06691889;-0.0671041;-0.0275557;0.3764706;0.6941177;0.4666667
-0.07891075;-0.0548592;-0.03243327;0.3764706;0.6941177;0.4666667
-0.07891075;-0.0548592;-0.03243327;0.3764706;0.6941177;0.4666667
-0.0904312;-0.04255943;-0.03518617;0.3764706;0.6941177;0.4666667
-0.0904312;-0.04255943;-0.03518617;0.3764706;0.6941177;0.4666667
-0.09375851;-0.03874577;-0.03558958;0.3764706;0.6941177;0.4666667
-0.09375851;-0.03874577;-0.03558958;0.3764706;0.6941177;0.4666667
-0.1075579;-0.02148823;-0.03579462;0.3764706;0.6941177;0.4666667
-0.1075579;-0.02148823;-0.03579462;0.3764706;0.6941177;0.4666667
-0.1110301;-0.0167301;-0.0354867;0.3764706;0.6941177;0.4666667
-0.1110301;-0.0167301;-0.0354867;0.3764706;0.6941177;0.4666667
-0.1232396;0.001242986;-0.03410232;0.3764706;0.6941177;0.4666667
-0.1232396;0.001242986;-0.03410232;0.3764706;0.6941177;0.4666667
-0.1286036;0.009247523;-0.03360581;0.3764706;0.6941177;0.4666667
-0.1286036;0.009247523;-0.03360581;0.3764706;0.6941177;0.4666667
-0.1382936;0.02603008;-0.03226793;0.3764706;0.6941177;0.4666667
-0.1382936;0.02603008;-0.03226793;0.3764706;0.6941177;0.4666667
-0.1452019;0.03736403;-0.03121662;0.3764706;0.6941177;0.4666667
-0.1452019;0.03736403;-0.03121662;0.3764706;0.6941177;0.4666667
-0.1604553;0.06237938;-0.02913332;0.3764706;0.6941177;0.4666667
-0.1604553;0.06237938;-0.02913332;0.3764706;0.6941177;0.4666667
-0.1628629;0.06676726;-0.02866805;0.3764706;0.6941177;0.4666667
-0.1628629;0.06676726;-0.02866805;0.3764706;0.6941177;0.4666667
-0.1752263;0.08882247;-0.02591479;0.3764706;0.6941177;0.4666667
-0.1752263;0.08882247;-0.02591479;0.3764706;0.6941177;0.4666667
-0.1783478;0.09438851;-0.02499366;0.3764706;0.6941177;0.4666667
-0.1783478;0.09438851;-0.02499366;0.3764706;0.6941177;0.4666667
-0.1877037;0.112847;-0.02082539;0.3764706;0.6941177;0.4666667
-0.1877037;0.112847;-0.02082539;0.3764706;0.6941177;0.4666667
-0.1929501;0.1223469;-0.01815844;0.3764706;0.6941177;0.4666667
-0.1929501;0.1223469;-0.01815844;0.3764706;0.6941177;0.4666667
-0.1973825;0.1404589;-0.01036906;0.3764706;0.6941177;0.4666667
-0.1973825;0.1404589;-0.01036906;0.3764706;0.6941177;0.4666667
-0.2025589;0.1516124;-0.005962014;0.3764706;0.6941177;0.4666667
-0.2025589;0.1516124;-0.005962014;0.3764706;0.6941177;0.4666667
-0.2114911;0.1672741;0.0009483099;0.3764706;0.6941177;0.4666667
-0.2114911;0.1672741;0.0009483099;0.3764706;0.6941177;0.4666667
-0.2210916;0.1811737;0.007610083;0.3764706;0.6941177;0.4666667
-0.2210916;0.1811737;0.007610083;0.3764706;0.6941177;0.4666667
-0.2289755;0.1908033;0.01407313;0.3764706;0.6941177;0.4666667
-0.2289755;0.1908033;0.01407313;0.3764706;0.6941177;0.4666667
-0.2308611;0.1916271;0.01526332;0.3764706;0.6941177;0.4666667
-0.2308611;0.1916271;0.01526332;0.3764706;0.6941177;0.4666667
-0.2312722;0.1922702;0.01682842;0.3764706;0.6941177;0.4666667
-0.2312722;0.1922702;0.01682842;0.3764706;0.6941177;0.4666667
-0.2303823;0.1910354;0.01893389;0.3764706;0.6941177;0.4666667
0.03159703;-0.1095453;0.0980823;0.3764706;0.6941177;0.4666667
0.03215971;-0.1082888;0.09807801;0.3764706;0.6941177;0.4666667
0.03215971;-0.1082888;0.09807801;0.3764706;0.6941177;0.4666667
0.03286561;-0.1057747;0.09834266;0.3764706;0.6941177;0.4666667
0.03286561;-0.1057747;0.09834266;0.3764706;0.6941177;0.4666667
0.03344772;-0.1038762;0.09873712;0.3764706;0.6941177;0.4666667
0.03344772;-0.1038762;0.09873712;0.3764706;0.6941177;0.4666667
0.0383653;-0.09169044;0.1016397;0.3764706;0.6941177;0.4666667
0.0383653;-0.09169044;0.1016397;0.3764706;0.6941177;0.4666667
0.04009791;-0.08660868;0.1022092;0.3764706;0.6941177;0.4666667
0.04009791;-0.08660868;0.1022092;0.3764706;0.6941177;0.4666667
0.04103895;-0.08381607;0.1025163;0.3764706;0.6941177;0.4666667
0.04103895;-0.08381607;0.1025163;0.3764706;0.6941177;0.4666667
0.04394137;-0.07405119;0.1034875;0.3764706;0.6941177;0.4666667
0.04394137;-0.07405119;0.1034875;0.3764706;0.6941177;0.4666667
0.0461169;-0.06399803;0.1050594;0.3764706;0.6941177;0.4666667
0.0461169;-0.06399803;0.1050594;0.3764706;0.6941177;0.4666667
0.04731839;-0.05622771;0.1063839;0.3764706;0.6941177;0.4666667
0.04731839;-0.05622771;0.1063839;0.3764706;0.6941177;0.4666667
0.04852838;-0.04785278;0.1077247;0.3764706;0.6941177;0.4666667
0.04852838;-0.04785278;0.1077247;0.3764706;0.6941177;0.4666667
0.04973036;-0.03770529;0.1096656;0.3764706;0.6941177;0.4666667
0.04973036;-0.03770529;0.1096656;0.3764706;0.6941177;0.4666667
0.05146156;-0.01409201;0.1143512;0.3764706;0.6941177;0.4666667
0.05146156;-0.01409201;0.1143512;0.3764706;0.6941177;0.4666667
0.05198077;0.005489236;0.1193708;0.3764706;0.6941177;0.4666667
0.05198077;0.005489236;0.1193708;0.3764706;0.6941177;0.4666667
0.0518322;0.01919129;0.123384;0.3764706;0.6941177;0.4666667
0.0518322;0.01919129;0.123384;0.3764706;0.6941177;0.4666667
0.05161579;0.02657089;0.1256714;0.3764706;0.6941177;0.4666667
0.05161579;0.02657089;0.1256714;0.3764706;0.6941177;0.4666667
0.05018121;0.05151797;0.1342816;0.3764706;0.6941177;0.4666667
0.05018121;0.05151797;0.1342816;0.3764706;0.6941177;0.4666667
0.04793633;0.07405266;0.1429709;0.3764706;0.6941177;0.4666667
0.04793633;0.07405266;0.1429709;0.3764706;0.6941177;0.4666667
0.04690828;0.08263279;0.1465167;0.3764706;0.6941177;0.4666667
0.04690828;0.08263279;0.1465167;0.3764706;0.6941177;0.4666667
0.04352278;0.1088037;0.1578046;0.3764706;0.6941177;0.4666667
0.04352278;0.1088037;0.1578046;0.3764706;0.6941177;0.4666667
0.04096979;0.127013;0.166083;0.3764706;0.6941177;0.4666667
0.04096979;0.127013;0.166083;0.3764706;0.6941177;0.4666667
0.03833539;0.145735;0.1750177;0.3764706;0.6941177;0.4666667
0.03833539;0.145735;0.1750177;0.3764706;0.6941177;0.4666667
0.03442717;0.1748176;0.189325;0.3764706;0.6941177;0.4666667
0.03442717;0.1748176;0.189325;0.3764706;0.6941177;0.4666667
0.03187267;0.1950991;0.2003943;0.3764706;0.6941177;0.4666667
0.03187267;0.1950991;0.2003943;0.3764706;0.6941177;0.4666667
0.02824745;0.2198891;0.214366;0.3764706;0.6941177;0.4666667
0.02824745;0.2198891;0.214366;0.3764706;0.6941177;0.4666667
0.02595361;0.2346532;0.2232177;0.3764706;0.6941177;0.4666667
0.02595361;0.2346532;0.2232177;0.3764706;0.6941177;0.4666667
0.02285711;0.2546031;0.2360749;0.3764706;0.6941177;0.4666667
0.02285711;0.2546031;0.2360749;0.3764706;0.6941177;0.4666667
0.01835588;0.2823132;0.2549552;0.3764706;0.6941177;0.4666667
0.01835588;0.2823132;0.2549552;0.3764706;0.6941177;0.4666667
0.01533175;0.2998523;0.2675533;0.3764706;0.6941177;0.4666667
0.01533175;0.2998523;0.2675533;0.3764706;0.6941177;0.4666667
0.01386716;0.3083622;0.27399;0.3764706;0.6941177;0.4666667
0.01386716;0.3083622;0.27399;0.3764706;0.6941177;0.4666667
0.008698456;0.3348565;0.2963231;0.3764706;0.6941177;0.4666667
0.008698456;0.3348565;0.2963231;0.3764706;0.6941177;0.4666667
0.007552974;0.3398927;0.3006121;0.3764706;0.6941177;0.4666667
0.007552974;0.3398927;0.3006121;0.3764706;0.6941177;0.4666667
0.0003956445;0.3623173;0.3217946;0.3764706;0.6941177;0.4666667
0.0003956445;0.3623173;0.3217946;0.3764706;0.6941177;0.4666667
-0.000849735;0.365539;0.3252158;0.3764706;0.6941177;0.4666667
-0.000849735;0.365539;0.3252158;0.3764706;0.6941177;0.4666667
-0.005898263;0.3757061;0.3374138;0.3764706;0.6941177;0.4666667
-0.005898263;0.3757061;0.3374138;0.3764706;0.6941177;0.4666667
-0.009600412;0.3802419;0.34359;0.3764706;0.6941177;0.4666667
-0.009600412;0.3802419;0.34359;0.3764706;0.6941177;0.4666667
-0.01312184;0.3839168;0.3508182;0.3764706;0.6941177;0.4666667
-0.01312184;0.3839168;0.3508182;0.3764706;0.6941177;0.4666667
-0.01465491;0.3847432;0.3545073;0.3764706;0.6941177;0.4666667
-0.01465491;0.3847432;0.3545073;0.3764706;0.6941177;0.4666667
-0.01542679;0.3844083;0.3554705;0.3764706;0.6941177;0.4666667
0.07004017;-0.106243;0.09474576;0.3764706;0.6941177;0.4666667
0.06776746;-0.1060853;0.09115946;0.3764706;0.6941177;0.4666667
0.06776746;-0.1060853;0.09115946;0.3764706;0.6941177;0.4666667
0.06674819;-0.1054945;0.0900414;0.3764706;0.6941177;0.4666667
0.06674819;-0.1054945;0.0900414;0.3764706;0.6941177;0.4666667
0.06446579;-0.1055619;0.08786869;0.3764706;0.6941177;0.4666667
0.06446579;-0.1055619;0.08786869;0.3764706;0.6941177;0.4666667
0.06294571;-0.1053127;0.08662522;0.3764706;0.6941177;0.4666667
0.06294571;-0.1053127;0.08662522;0.3764706;0.6941177;0.4666667
0.06146134;-0.105026;0.08530641;0.3764706;0.6941177;0.4666667
0.06146134;-0.105026;0.08530641;0.3764706;0.6941177;0.4666667
0.05950233;-0.1036288;0.08408666;0.3764706;0.6941177;0.4666667
0.05950233;-0.1036288;0.08408666;0.3764706;0.6941177;0.4666667
0.05771042;-0.100518;0.08332074;0.3764706;0.6941177;0.4666667
0.05771042;-0.100518;0.08332074;0.3764706;0.6941177;0.4666667
0.05638879;-0.09722874;0.08261311;0.3764706;0.6941177;0.4666667
0.05638879;-0.09722874;0.08261311;0.3764706;0.6941177;0.4666667
0.05533512;-0.09199398;0.08194125;0.3764706;0.6941177;0.4666667
0.05533512;-0.09199398;0.08194125;0.3764706;0.6941177;0.4666667
0.05493231;-0.08687904;0.08145702;0.3764706;0.6941177;0.4666667
0.05493231;-0.08687904;0.08145702;0.3764706;0.6941177;0.4666667
0.05488501;-0.079976;0.08081269;0.3764706;0.6941177;0.4666667
0.05488501;-0.079976;0.08081269;0.3764706;0.6941177;0.4666667
0.05603598;-0.0680915;0.07928038;0.3764706;0.6941177;0.4666667
0.05603598;-0.0680915;0.07928038;0.3764706;0.6941177;0.4666667
0.05816849;-0.0591006;0.07735419;0.3764706;0.6941177;0.4666667
0.05816849;-0.0591006;0.07735419;0.3764706;0.6941177;0.4666667
0.05965344;-0.05440822;0.07611454;0.3764706;0.6941177;0.4666667
0.05965344;-0.05440822;0.07611454;0.3764706;0.6941177;0.4666667
0.06672561;-0.03352637;0.0719502;0.3764706;0.6941177;0.4666667
0.06672561;-0.03352637;0.0719502;0.3764706;0.6941177;0.4666667
0.06973019;-0.02597292;0.07017684;0.3764706;0.6941177;0.4666667
0.06973019;-0.02597292;0.07017684;0.3764706;0.6941177;0.4666667
0.07856415;-0.005936248;0.06584799;0.3764706;0.6941177;0.4666667
0.07856415;-0.005936248;0.06584799;0.3764706;0.6941177;0.4666667
0.08577255;0.008435022;0.06250036;0.3764706;0.6941177;0.4666667
0.08577255;0.008435022;0.06250036;0.3764706;0.6941177;0.4666667
0.1025452;0.04091537;0.05724204;0.3764706;0.6941177;0.4666667
0.1025452;0.04091537;0.05724204;0.3764706;0.6941177;0.4666667
0.1165061;0.06637387;0.05331016;0.3764706;0.6941177;0.4666667
0.1165061;0.06637387;0.05331016;0.3764706;0.6941177;0.4666667
0.1268194;0.08554224;0.05255365;0.3764706;0.6941177;0.4666667
0.1268194;0.08554224;0.05255365;0.3764706;0.6941177;0.4666667
0.1366442;0.1037037;0.05154645;0.3764706;0.6941177;0.4666667
0.1366442;0.1037037;0.05154645;0.3764706;0.6941177;0.4666667
0.1429045;0.1152389;0.05101943;0.3764706;0.6941177;0.4666667
0.1429045;0.1152389;0.05101943;0.3764706;0.6941177;0.4666667
0.1573703;0.1415839;0.05045831;0.3764706;0.6941177;0.4666667
0.1573703;0.1415839;0.05045831;0.3764706;0.6941177;0.4666667
0.1666254;0.1585739;0.05052328;0.3764706;0.6941177;0.4666667
0.1666254;0.1585739;0.05052328;0.3764706;0.6941177;0.4666667
0.1756871;0.1749157;0.05079293;0.3764706;0.6941177;0.4666667
0.1756871;0.1749157;0.05079293;0.3764706;0.6941177;0.4666667
0.1885817;0.1968518;0.0513432;0.3764706;0.6941177;0.4666667
0.1885817;0.1968518;0.0513432;0.3764706;0.6941177;0.4666667
0.1927269;0.203857;0.0516268;0.3764706;0.6941177;0.4666667
0.1927269;0.203857;0.0516268;0.3764706;0.6941177;0.4666667
0.2045386;0.2229429;0.05246663;0.3764706;0.6941177;0.4666667
0.2045386;0.2229429;0.05246663;0.3764706;0.6941177;0.4666667
0.215765;0.2398375;0.0541718;0.3764706;0.6941177;0.4666667
0.215765;0.2398375;0.0541718;0.3764706;0.6941177;0.4666667
0.2185088;0.2471287;0.05834687;0.3764706;0.6941177;0.4666667
0.2185088;0.2471287;0.05834687;0.3764706;0.6941177;0.4666667
0.2290388;0.2594353;0.05962443;0.3764706;0.6941177;0.4666667
-0.02834432;-0.06856546;0.0595156;0.3764706;0.6941177;0.4666667
-0.02912746;-0.06583437;0.05981326;0.3764706;0.6941177;0.4666667
-0.02912746;-0.06583437;0.05981326;0.3764706;0.6941177;0.4666667
-0.02988436;-0.06122091;0.06019151;0.3764706;0.6941177;0.4666667
-0.02988436;-0.06122091;0.06019151;0.3764706;0.6941177;0.4666667
-0.03101342;-0.05819937;0.06024146;0.3764706;0.6941177;0.4666667
-0.03101342;-0.05819937;0.06024146;0.3764706;0.6941177;0.4666667
-0.03262103;-0.05434049;0.06092715;0.3764706;0.6941177;0.4666667
-0.03262103;-0.05434049;0.06092715;0.3764706;0.6941177;0.4666667
-0.04516573;-0.03197869;0.06512344;0.3764706;0.6941177;0.4666667
-0.04516573;-0.03197869;0.06512344;0.3764706;0.6941177;0.4666667
-0.04583558;-0.02995737;0.06564403;0.3764706;0.6941177;0.4666667
-0.04583558;-0.02995737;0.06564403;0.3764706;0.6941177;0.4666667
-0.05305499;-0.01509822;0.06927145;0.3764706;0.6941177;0.4666667
-0.05305499;-0.01509822;0.06927145;0.3764706;0.6941177;0.4666667
-0.05724138;-0.006813264;0.07132959;0.3764706;0.6941177;0.4666667
-0.05724138;-0.006813264;0.07132959;0.3764706;0.6941177;0.4666667
-0.0593411;-0.002336233;0.07236969;0.3764706;0.6941177;0.4666667
-0.0593411;-0.002336233;0.07236969;0.3764706;0.6941177;0.4666667
-0.06538045;0.01243322;0.07580614;0.3764706;0.6941177;0.4666667
-0.06538045;0.01243322;0.07580614;0.3764706;0.6941177;0.4666667
-0.06949446;0.02354014;0.07844841;0.3764706;0.6941177;0.4666667
-0.06949446;0.02354014;0.07844841;0.3764706;0.6941177;0.4666667
-0.07383353;0.03453444;0.08109474;0.3764706;0.6941177;0.4666667
-0.07383353;0.03453444;0.08109474;0.3764706;0.6941177;0.4666667
-0.08116432;0.05212193;0.08623993;0.3764706;0.6941177;0.4666667
-0.08116432;0.05212193;0.08623993;0.3764706;0.6941177;0.4666667
-0.08670302;0.06447569;0.09068894;0.3764706;0.6941177;0.4666667
-0.08670302;0.06447569;0.09068894;0.3764706;0.6941177;0.4666667
-0.09484714;0.0819772;0.09797668;0.3764706;0.6941177;0.4666667
-0.09484714;0.0819772;0.09797668;0.3764706;0.6941177;0.4666667
-0.09953253;0.09181239;0.1023712;0.3764706;0.6941177;0.4666667
-0.09953253;0.09181239;0.1023712;0.3764706;0.6941177;0.4666667
-0.1057945;0.1052975;0.1087228;0.3764706;0.6941177;0.4666667
-0.1057945;0.1052975;0.1087228;0.3764706;0.6941177;0.4666667
-0.1146395;0.1249949;0.1186323;0.3764706;0.6941177;0.4666667
-0.1146395;0.1249949;0.1186323;0.3764706;0.6941177;0.4666667
-0.1174978;0.1315128;0.1219871;0.3764706;0.6941177;0.4666667
-0.1174978;0.1315128;0.1219871;0.3764706;0.6941177;0.4666667
-0.1255986;0.1506231;0.1327771;0.3764706;0.6941177;0.4666667
-0.1255986;0.1506231;0.1327771;0.3764706;0.6941177;0.4666667
-0.1309374;0.162719;0.1397673;0.3764706;0.6941177;0.4666667
-0.1309374;0.162719;0.1397673;0.3764706;0.6941177;0.4666667
-0.1380888;0.1791968;0.1497829;0.3764706;0.6941177;0.4666667
-0.1380888;0.1791968;0.1497829;0.3764706;0.6941177;0.4666667
-0.1425334;0.1893891;0.1562064;0.3764706;0.6941177;0.4666667
-0.1425334;0.1893891;0.1562064;0.3764706;0.6941177;0.4666667
-0.1463941;0.1987359;0.1619343;0.3764706;0.6941177;0.4666667
-0.1463941;0.1987359;0.1619343;0.3764706;0.6941177;0.4666667
-0.150428;0.2088615;0.1682674;0.3764706;0.6941177;0.4666667
-0.150428;0.2088615;0.1682674;0.3764706;0.6941177;0.4666667
-0.1525618;0.2142542;0.1716903;0.3764706;0.6941177;0.4666667
-0.02797092;-0.05564678;0.004256487;0.3764706;0.6941177;0.4666667
-0.02745978;-0.0546808;0.003771782;0.3764706;0.6941177;0.4666667
-0.02745978;-0.0546808;0.003771782;0.3764706;0.6941177;0.4666667
-0.02579942;-0.05313909;0.003431797;0.3764706;0.6941177;0.4666667
-0.02579942;-0.05313909;0.003431797;0.3764706;0.6941177;0.4666667
-0.02510437;-0.05222443;0.002776623;0.3764706;0.6941177;0.4666667
-0.02510437;-0.05222443;0.002776623;0.3764706;0.6941177;0.4666667
-0.02426369;-0.04812033;0.002761364;0.3764706;0.6941177;0.4666667
-0.02426369;-0.04812033;0.002761364;0.3764706;0.6941177;0.4666667
-0.02448631;-0.04542086;0.002943993;0.3764706;0.6941177;0.4666667
-0.02448631;-0.04542086;0.002943993;0.3764706;0.6941177;0.4666667
-0.02460858;-0.04355457;0.002592683;0.3764706;0.6941177;0.4666667
-0.02460858;-0.04355457;0.002592683;0.3764706;0.6941177;0.4666667
-0.02423175;-0.04073967;0.0025419;0.3764706;0.6941177;0.4666667
-0.02423175;-0.04073967;0.0025419;0.3764706;0.6941177;0.4666667
-0.02400162;-0.03879247;0.002115488;0.3764706;0.6941177;0.4666667
-0.02400162;-0.03879247;0.002115488;0.3764706;0.6941177;0.4666667
-0.02288406;-0.03319226;0.0006374121;0.3764706;0.6941177;0.4666667
-0.02288406;-0.03319226;0.0006374121;0.3764706;0.6941177;0.4666667
-0.02146231;-0.02627721;-0.001305342;0.3764706;0.6941177;0.4666667
-0.02146231;-0.02627721;-0.001305342;0.3764706;0.6941177;0.4666667
-0.02110862;-0.02394275;-0.002251863;0.3764706;0.6941177;0.4666667
-0.02110862;-0.02394275;-0.002251863;0.3764706;0.6941177;0.4666667
-0.0196012;-0.01598296;-0.005352497;0.3764706;0.6941177;0.4666667
-0.0196012;-0.01598296;-0.005352497;0.3764706;0.6941177;0.4666667
-0.0154384;-0.003145036;-0.007377028;0.3764706;0.6941177;0.4666667
-0.0154384;-0.003145036;-0.007377028;0.3764706;0.6941177;0.4666667
-0.01415297;0.003826787;-0.01040065;0.3764706;0.6941177;0.4666667
-0.01415297;0.003826787;-0.01040065;0.3764706;0.6941177;0.4666667
-0.01265236;0.01170445;-0.01373196;0.3764706;0.6941177;0.4666667
-0.01265236;0.01170445;-0.01373196;0.3764706;0.6941177;0.4666667
-0.01164599;0.01946466;-0.01749432;0.3764706;0.6941177;0.4666667
-0.01164599;0.01946466;-0.01749432;0.3764706;0.6941177;0.4666667
-0.00882135;0.041577;-0.02639878;0.3764706;0.6941177;0.4666667
-0.00882135;0.041577;-0.02639878;0.3764706;0.6941177;0.4666667
-0.007932335;0.05051451;-0.03050303;0.3764706;0.6941177;0.4666667
-0.007932335;0.05051451;-0.03050303;0.3764706;0.6941177;0.4666667
-0.006513175;0.06173595;-0.03493214;0.3764706;0.6941177;0.4666667
-0.006513175;0.06173595;-0.03493214;0.3764706;0.6941177;0.4666667
-0.00568204;0.06969692;-0.03902507;0.3764706;0.6941177;0.4666667
-0.00568204;0.06969692;-0.03902507;0.3764706;0.6941177;0.4666667
-0.00317375;0.08832098;-0.04305971;0.3764706;0.6941177;0.4666667
-0.00317375;0.08832098;-0.04305971;0.3764706;0.6941177;0.4666667
0.0009647533;0.1134027;-0.05222774;0.3764706;0.6941177;0.4666667
0.0009647533;0.1134027;-0.05222774;0.3764706;0.6941177;0.4666667
0.003760282;0.1278601;-0.05824721;0.3764706;0.6941177;0.4666667
0.003760282;0.1278601;-0.05824721;0.3764706;0.6941177;0.4666667
0.005457073;0.1354555;-0.06107128;0.3764706;0.6941177;0.4666667
0.005457073;0.1354555;-0.06107128;0.3764706;0.6941177;0.4666667
0.009503026;0.1523377;-0.06837177;0.3764706;0.6941177;0.4666667
0.009503026;0.1523377;-0.06837177;0.3764706;0.6941177;0.4666667
0.01197896;0.1627385;-0.07302845;0.3764706;0.6941177;0.4666667
0.01197896;0.1627385;-0.07302845;0.3764706;0.6941177;0.4666667
0.01474582;0.1745521;-0.07763255;0.3764706;0.6941177;0.4666667
0.01474582;0.1745521;-0.07763255;0.3764706;0.6941177;0.4666667
0.01560052;0.1782193;-0.07906067;0.3764706;0.6941177;0.4666667
0.01560052;0.1782193;-0.07906067;0.3764706;0.6941177;0.4666667
0.01938502;0.194783;-0.08659339;0.3764706;0.6941177;0.4666667
0.01938502;0.194783;-0.08659339;0.3764706;0.6941177;0.4666667
0.02202876;0.2063111;-0.09020448;0.3764706;0.6941177;0.4666667
0.02202876;0.2063111;-0.09020448;0.3764706;0.6941177;0.4666667
0.02388679;0.2148009;-0.0929693;0.3764706;0.6941177;0.4666667
0.02388679;0.2148009;-0.0929693;0.3764706;0.6941177;0.4666667
0.02578456;0.2227636;-0.09545851;0.3764706;0.6941177;0.4666667
0.02578456;0.2227636;-0.09545851;0.3764706;0.6941177;0.4666667
0.0304822;0.2386201;-0.100238;0.3764706;0.6941177;0.4666667
0.0304822;0.2386201;-0.100238;0.3764706;0.6941177;0.4666667
0.03219681;0.242856;-0.1019912;0.3764706;0.6941177;0.4666667
0.03219681;0.242856;-0.1019912;0.3764706;0.6941177;0.4666667
0.03379029;0.2459224;-0.1035068;0.3764706;0.6941177;0.4666667
0.03379029;0.2459224;-0.1035068;0.3764706;0.6941177;0.4666667
0.03507632;0.2476166;-0.1053568;0.3764706;0.6941177;0.4666667
0.01928966;-0.01646856;-0.0007715225;0.3764706;0.6941177;0.4666667
0.0168092;-0.01508714;-8.010864E-05;0.3764706;0.6941177;0.4666667
0.0168092;-0.01508714;-8.010864E-05;0.3764706;0.6941177;0.4666667
0.01284933;-0.01107195;0.001290083;0.3764706;0.6941177;0.4666667
0.01284933;-0.01107195;0.001290083;0.3764706;0.6941177;0.4666667
0.01142352;-0.008750523;0.001317978;0.3764706;0.6941177;0.4666667
0.01142352;-0.008750523;0.001317978;0.3764706;0.6941177;0.4666667
0.009872951;-0.005573219;0.00114572;0.3764706;0.6941177;0.4666667
0.009872951;-0.005573219;0.00114572;0.3764706;0.6941177;0.4666667
0.007850505;0.0003060822;0.0006117821;0.3764706;0.6941177;0.4666667
0.007850505;0.0003060822;0.0006117821;0.3764706;0.6941177;0.4666667
0.007195137;0.009812471;0.000428319;0.3764706;0.6941177;0.4666667
0.007195137;0.009812471;0.000428319;0.3764706;0.6941177;0.4666667
0.006318659;0.01839684;-0.001432657;0.3764706;0.6941177;0.4666667
0.006318659;0.01839684;-0.001432657;0.3764706;0.6941177;0.4666667
0.006249629;0.02149635;-0.002214909;0.3764706;0.6941177;0.4666667
0.006249629;0.02149635;-0.002214909;0.3764706;0.6941177;0.4666667
0.007409327;0.03505025;-0.006992817;0.3764706;0.6941177;0.4666667
0.007409327;0.03505025;-0.006992817;0.3764706;0.6941177;0.4666667
0.008759953;0.04273186;-0.01046658;0.3764706;0.6941177;0.4666667
0.008759953;0.04273186;-0.01046658;0.3764706;0.6941177;0.4666667
0.01065349;0.05089093;-0.01444995;0.3764706;0.6941177;0.4666667
0.01065349;0.05089093;-0.01444995;0.3764706;0.6941177;0.4666667
0.01328511;0.05995547;-0.01869893;0.3764706;0.6941177;0.4666667
0.01328511;0.05995547;-0.01869893;0.3764706;0.6941177;0.4666667
0.02730718;0.09402794;-0.03705776;0.3764706;0.6941177;0.4666667
0.02730718;0.09402794;-0.03705776;0.3764706;0.6941177;0.4666667
0.02927;0.09780702;-0.0396862;0.3764706;0.6941177;0.4666667
0.02927;0.09780702;-0.0396862;0.3764706;0.6941177;0.4666667
0.03949907;0.1183993;-0.04980266;0.3764706;0.6941177;0.4666667
0.03949907;0.1183993;-0.04980266;0.3764706;0.6941177;0.4666667
0.04623625;0.1311617;-0.055318;0.3764706;0.6941177;0.4666667
0.04623625;0.1311617;-0.055318;0.3764706;0.6941177;0.4666667
0.04960999;0.1371659;-0.0585717;0.3764706;0.6941177;0.4666667
0.04960999;0.1371659;-0.0585717;0.3764706;0.6941177;0.4666667
0.06469288;0.1621305;-0.06948984;0.3764706;0.6941177;0.4666667
0.06469288;0.1621305;-0.06948984;0.3764706;0.6941177;0.4666667
0.07295601;0.1743496;-0.07496238;0.3764706;0.6941177;0.4666667
0.07295601;0.1743496;-0.07496238;0.3764706;0.6941177;0.4666667
0.07706191;0.1801936;-0.07746112;0.3764706;0.6941177;0.4666667
0.07706191;0.1801936;-0.07746112;0.3764706;0.6941177;0.4666667
0.09384646;0.2033583;-0.08494091;0.3764706;0.6941177;0.4666667
0.09384646;0.2033583;-0.08494091;0.3764706;0.6941177;0.4666667
0.1022813;0.2121313;-0.09040439;0.3764706;0.6941177;0.4666667
0.1022813;0.2121313;-0.09040439;0.3764706;0.6941177;0.4666667
0.1104602;0.2193727;-0.09603298;0.3764706;0.6941177;0.4666667
0.1104602;0.2193727;-0.09603298;0.3764706;0.6941177;0.4666667
0.1185039;0.2254489;-0.1018184;0.3764706;0.6941177;0.4666667
0.1185039;0.2254489;-0.1018184;0.3764706;0.6941177;0.4666667
0.1258686;0.2307284;-0.1067425;0.3764706;0.6941177;0.4666667
-0.2410326;-0.07449084;0.1164334;0.3764706;0.6941177;0.4666667
-0.2414408;-0.07469814;0.1183977;0.3764706;0.6941177;0.4666667
-0.2414408;-0.07469814;0.1183977;0.3764706;0.6941177;0.4666667
-0.2415643;-0.07486276;0.1194547;0.3764706;0.6941177;0.4666667
-0.2415643;-0.07486276;0.1194547;0.3764706;0.6941177;0.4666667
-0.2416536;-0.07513697;0.122241;0.3764706;0.6941177;0.4666667
-0.2416536;-0.07513697;0.122241;0.3764706;0.6941177;0.4666667
-0.2416182;-0.07490945;0.1270467;0.3764706;0.6941177;0.4666667
-0.2416182;-0.07490945;0.1270467;0.3764706;0.6941177;0.4666667
-0.2416439;-0.07488891;0.1281977;0.3764706;0.6941177;0.4666667
-0.2416439;-0.07488891;0.1281977;0.3764706;0.6941177;0.4666667
-0.2415389;-0.07489466;0.1302047;0.3764706;0.6941177;0.4666667
-0.2415389;-0.07489466;0.1302047;0.3764706;0.6941177;0.4666667
-0.2413268;-0.07502206;0.1318148;0.3764706;0.6941177;0.4666667
-0.2413268;-0.07502206;0.1318148;0.3764706;0.6941177;0.4666667
-0.2409798;-0.07530464;0.1333392;0.3764706;0.6941177;0.4666667
-0.2409798;-0.07530464;0.1333392;0.3764706;0.6941177;0.4666667
-0.2402519;-0.07584696;0.1351902;0.3764706;0.6941177;0.4666667
-0.2402519;-0.07584696;0.1351902;0.3764706;0.6941177;0.4666667
-0.2393461;-0.07638934;0.1366794;0.3764706;0.6941177;0.4666667
-0.2393461;-0.07638934;0.1366794;0.3764706;0.6941177;0.4666667
-0.2385256;-0.07695691;0.138072;0.3764706;0.6941177;0.4666667
-0.2385256;-0.07695691;0.138072;0.3764706;0.6941177;0.4666667
-0.2374014;-0.07769747;0.1396242;0.3764706;0.6941177;0.4666667
-0.2374014;-0.07769747;0.1396242;0.3764706;0.6941177;0.4666667
-0.2364244;-0.07826687;0.1408716;0.3764706;0.6941177;0.4666667
-0.2364244;-0.07826687;0.1408716;0.3764706;0.6941177;0.4666667
-0.2353909;-0.0789673;0.1422279;0.3764706;0.6941177;0.4666667
-0.2353909;-0.0789673;0.1422279;0.3764706;0.6941177;0.4666667
-0.2340157;-0.08020121;0.1442033;0.3764706;0.6941177;0.4666667
-0.2340157;-0.08020121;0.1442033;0.3764706;0.6941177;0.4666667
-0.2330479;-0.08094943;0.1458199;0.3764706;0.6941177;0.4666667
-0.2330479;-0.08094943;0.1458199;0.3764706;0.6941177;0.4666667
-0.231134;-0.08296765;0.1491792;0.3764706;0.6941177;0.4666667
-0.231134;-0.08296765;0.1491792;0.3764706;0.6941177;0.4666667
-0.2302807;-0.08389338;0.1506752;0.3764706;0.6941177;0.4666667
-0.2302807;-0.08389338;0.1506752;0.3764706;0.6941177;0.4666667
-0.2286383;-0.08566582;0.1534016;0.3764706;0.6941177;0.4666667
-0.2286383;-0.08566582;0.1534016;0.3764706;0.6941177;0.4666667
-0.2274382;-0.08707365;0.1551105;0.3764706;0.6941177;0.4666667
-0.2274382;-0.08707365;0.1551105;0.3764706;0.6941177;0.4666667
-0.2267992;-0.08776798;0.1559787;0.3764706;0.6941177;0.4666667
-0.2267992;-0.08776798;0.1559787;0.3764706;0.6941177;0.4666667
-0.224768;-0.08998971;0.1585133;0.3764706;0.6941177;0.4666667
-0.224768;-0.08998971;0.1585133;0.3764706;0.6941177;0.4666667
-0.2226113;-0.09211661;0.1611069;0.3764706;0.6941177;0.4666667
-0.2226113;-0.09211661;0.1611069;0.3764706;0.6941177;0.4666667
-0.2218366;-0.09271557;0.1620275;0.3764706;0.6941177;0.4666667
-0.2218366;-0.09271557;0.1620275;0.3764706;0.6941177;0.4666667
-0.2194892;-0.09467346;0.1645254;0.3764706;0.6941177;0.4666667
-0.2194892;-0.09467346;0.1645254;0.3764706;0.6941177;0.4666667
-0.2176993;-0.09560562;0.1663278;0.3764706;0.6941177;0.4666667
-0.2176993;-0.09560562;0.1663278;0.3764706;0.6941177;0.4666667
-0.2148623;-0.096819;0.1690807;0.3764706;0.6941177;0.4666667
-0.2148623;-0.096819;0.1690807;0.3764706;0.6941177;0.4666667
-0.2128533;-0.0975196;0.1710304;0.3764706;0.6941177;0.4666667
-0.2128533;-0.0975196;0.1710304;0.3764706;0.6941177;0.4666667
-0.2107397;-0.09831201;0.1728579;0.3764706;0.6941177;0.4666667
-0.2107397;-0.09831201;0.1728579;0.3764706;0.6941177;0.4666667
-0.2062214;-0.09989756;0.1765943;0.3764706;0.6941177;0.4666667
-0.2062214;-0.09989756;0.1765943;0.3764706;0.6941177;0.4666667
-0.2023592;-0.1014161;0.1791835;0.3764706;0.6941177;0.4666667
-0.2023592;-0.1014161;0.1791835;0.3764706;0.6941177;0.4666667
-0.1994555;-0.1024994;0.1808238;0.3764706;0.6941177;0.4666667
-0.1994555;-0.1024994;0.1808238;0.3764706;0.6941177;0.4666667
-0.1978846;-0.1030105;0.181641;0.3764706;0.6941177;0.4666667
-0.1978846;-0.1030105;0.181641;0.3764706;0.6941177;0.4666667
-0.1923838;-0.1049169;0.1839448;0.3764706;0.6941177;0.4666667
-0.1923838;-0.1049169;0.1839448;0.3764706;0.6941177;0.4666667
-0.1891465;-0.1060184;0.1850725;0.3764706;0.6941177;0.4666667
-0.1891465;-0.1060184;0.1850725;0.3764706;0.6941177;0.4666667
-0.1827547;-0.1081273;0.1870347;0.3764706;0.6941177;0.4666667
-0.1827547;-0.1081273;0.1870347;0.3764706;0.6941177;0.4666667
-0.178568;-0.1093749;0.1882316;0.3764706;0.6941177;0.4666667
-0.178568;-0.1093749;0.1882316;0.3764706;0.6941177;0.4666667
-0.174377;-0.1104974;0.1895306;0.3764706;0.6941177;0.4666667
-0.174377;-0.1104974;0.1895306;0.3764706;0.6941177;0.4666667
-0.1683752;-0.1120384;0.1914328;0.3764706;0.6941177;0.4666667
-0.1683752;-0.1120384;0.1914328;0.3764706;0.6941177;0.4666667
-0.1632426;-0.1134;0.1930559;0.3764706;0.6941177;0.4666667
-0.1632426;-0.1134;0.1930559;0.3764706;0.6941177;0.4666667
-0.1584979;-0.1146823;0.1945511;0.3764706;0.6941177;0.4666667
-0.1584979;-0.1146823;0.1945511;0.3764706;0.6941177;0.4666667
-0.1524046;-0.116396;0.196485;0.3764706;0.6941177;0.4666667
-0.1524046;-0.116396;0.196485;0.3764706;0.6941177;0.4666667
-0.1486071;-0.1175823;0.1976322;0.3764706;0.6941177;0.4666667
-0.1486071;-0.1175823;0.1976322;0.3764706;0.6941177;0.4666667
-0.140671;-0.1201967;0.1998817;0.3764706;0.6941177;0.4666667
-0.140671;-0.1201967;0.1998817;0.3764706;0.6941177;0.4666667
-0.1350385;-0.1220378;0.2013271;0.3764706;0.6941177;0.4666667
-0.1350385;-0.1220378;0.2013271;0.3764706;0.6941177;0.4666667
-0.129323;-0.1238914;0.2027891;0.3764706;0.6941177;0.4666667
-0.129323;-0.1238914;0.2027891;0.3764706;0.6941177;0.4666667
-0.1228373;-0.1258991;0.2044313;0.3764706;0.6941177;0.4666667
-0.1228373;-0.1258991;0.2044313;0.3764706;0.6941177;0.4666667
-0.1177347;-0.1275147;0.2056587;0.3764706;0.6941177;0.4666667
-0.1177347;-0.1275147;0.2056587;0.3764706;0.6941177;0.4666667
-0.1118191;-0.128964;0.207123;0.3764706;0.6941177;0.4666667
-0.1118191;-0.128964;0.207123;0.3764706;0.6941177;0.4666667
-0.102729;-0.1306232;0.2091419;0.3764706;0.6941177;0.4666667
-0.102729;-0.1306232;0.2091419;0.3764706;0.6941177;0.4666667
-0.0964452;-0.1315258;0.2102278;0.3764706;0.6941177;0.4666667
-0.0964452;-0.1315258;0.2102278;0.3764706;0.6941177;0.4666667
-0.09342612;-0.1320931;0.2104788;0.3764706;0.6941177;0.4666667
-0.09342612;-0.1320931;0.2104788;0.3764706;0.6941177;0.4666667
-0.08371309;-0.1329484;0.2115512;0.3764706;0.6941177;0.4666667
-0.08371309;-0.1329484;0.2115512;0.3764706;0.6941177;0.4666667
-0.07370837;-0.1334352;0.2123661;0.3764706;0.6941177;0.4666667
-0.07370837;-0.1334352;0.2123661;0.3764706;0.6941177;0.4666667
-0.0702589;-0.1332813;0.2127045;0.3764706;0.6941177;0.4666667
-0.0702589;-0.1332813;0.2127045;0.3764706;0.6941177;0.4666667
-0.05776823;-0.1335762;0.2129508;0.3764706;0.6941177;0.4666667
-0.05776823;-0.1335762;0.2129508;0.3764706;0.6941177;0.4666667
-0.052197;-0.1337027;0.2129533;0.3764706;0.6941177;0.4666667
-0.052197;-0.1337027;0.2129533;0.3764706;0.6941177;0.4666667
-0.02502873;-0.1349671;0.2126853;0.3764706;0.6941177;0.4666667
-0.02502873;-0.1349671;0.2126853;0.3764706;0.6941177;0.4666667
-0.01738849;-0.1353319;0.2126073;0.3764706;0.6941177;0.4666667
-0.01738849;-0.1353319;0.2126073;0.3764706;0.6941177;0.4666667
-0.009689484;-0.1356947;0.2125762;0.3764706;0.6941177;0.4666667
-0.009689484;-0.1356947;0.2125762;0.3764706;0.6941177;0.4666667
0.001495544;-0.1360461;0.2124525;0.3764706;0.6941177;0.4666667
0.001495544;-0.1360461;0.2124525;0.3764706;0.6941177;0.4666667
0.009104032;-0.1359765;0.2124144;0.3764706;0.6941177;0.4666667
0.009104032;-0.1359765;0.2124144;0.3764706;0.6941177;0.4666667
0.01290466;-0.1358908;0.2123935;0.3764706;0.6941177;0.4666667
0.01290466;-0.1358908;0.2123935;0.3764706;0.6941177;0.4666667
0.02521937;-0.1351808;0.2124773;0.3764706;0.6941177;0.4666667
0.02521937;-0.1351808;0.2124773;0.3764706;0.6941177;0.4666667
0.03197503;-0.1348873;0.2124044;0.3764706;0.6941177;0.4666667
0.03197503;-0.1348873;0.2124044;0.3764706;0.6941177;0.4666667
0.03980772;-0.1344603;0.2123424;0.3764706;0.6941177;0.4666667
0.03980772;-0.1344603;0.2123424;0.3764706;0.6941177;0.4666667
0.0591227;-0.1336945;0.2117972;0.3764706;0.6941177;0.4666667
0.0591227;-0.1336945;0.2117972;0.3764706;0.6941177;0.4666667
0.07663417;-0.1333585;0.2107023;0.3764706;0.6941177;0.4666667
0.07663417;-0.1333585;0.2107023;0.3764706;0.6941177;0.4666667
0.08636151;-0.1328832;0.2098291;0.3764706;0.6941177;0.4666667
0.08636151;-0.1328832;0.2098291;0.3764706;0.6941177;0.4666667
0.09025625;-0.1326468;0.2094285;0.3764706;0.6941177;0.4666667
0.09025625;-0.1326468;0.2094285;0.3764706;0.6941177;0.4666667
0.1033685;-0.1316827;0.2078249;0.3764706;0.6941177;0.4666667
0.1033685;-0.1316827;0.2078249;0.3764706;0.6941177;0.4666667
0.109096;-0.1310983;0.2069622;0.3764706;0.6941177;0.4666667
0.109096;-0.1310983;0.2069622;0.3764706;0.6941177;0.4666667
0.1165953;-0.1303296;0.2055775;0.3764706;0.6941177;0.4666667
0.1165953;-0.1303296;0.2055775;0.3764706;0.6941177;0.4666667
0.127743;-0.1288695;0.2030064;0.3764706;0.6941177;0.4666667
0.127743;-0.1288695;0.2030064;0.3764706;0.6941177;0.4666667
0.1350529;-0.1278971;0.2010638;0.3764706;0.6941177;0.4666667
0.1350529;-0.1278971;0.2010638;0.3764706;0.6941177;0.4666667
0.1422905;-0.1269084;0.1988713;0.3764706;0.6941177;0.4666667
0.1422905;-0.1269084;0.1988713;0.3764706;0.6941177;0.4666667
0.1493273;-0.1255394;0.1967709;0.3764706;0.6941177;0.4666667
0.1493273;-0.1255394;0.1967709;0.3764706;0.6941177;0.4666667
0.1563345;-0.1246344;0.1940178;0.3764706;0.6941177;0.4666667
0.1563345;-0.1246344;0.1940178;0.3764706;0.6941177;0.4666667
0.1607708;-0.1240946;0.1920868;0.3764706;0.6941177;0.4666667
0.1607708;-0.1240946;0.1920868;0.3764706;0.6941177;0.4666667
0.1752676;-0.1219306;0.1849587;0.3764706;0.6941177;0.4666667
0.1752676;-0.1219306;0.1849587;0.3764706;0.6941177;0.4666667
0.1811046;-0.1211074;0.1816295;0.3764706;0.6941177;0.4666667
0.1811046;-0.1211074;0.1816295;0.3764706;0.6941177;0.4666667
0.1875111;-0.1200065;0.1776689;0.3764706;0.6941177;0.4666667
0.1875111;-0.1200065;0.1776689;0.3764706;0.6941177;0.4666667
0.1935767;-0.1188437;0.1736298;0.3764706;0.6941177;0.4666667
0.1935767;-0.1188437;0.1736298;0.3764706;0.6941177;0.4666667
0.2025483;-0.1165954;0.166805;0.3764706;0.6941177;0.4666667
0.2025483;-0.1165954;0.166805;0.3764706;0.6941177;0.4666667
0.2070321;-0.1152063;0.1630212;0.3764706;0.6941177;0.4666667
0.2070321;-0.1152063;0.1630212;0.3764706;0.6941177;0.4666667
0.2119377;-0.1133831;0.1585988;0.3764706;0.6941177;0.4666667
0.2119377;-0.1133831;0.1585988;0.3764706;0.6941177;0.4666667
0.2164872;-0.1118531;0.1539021;0.3764706;0.6941177;0.4666667
0.2164872;-0.1118531;0.1539021;0.3764706;0.6941177;0.4666667
0.2231766;-0.1098537;0.1465149;0.3764706;0.6941177;0.4666667
0.2231766;-0.1098537;0.1465149;0.3764706;0.6941177;0.4666667
0.231372;-0.1078795;0.1361786;0.3764706;0.6941177;0.4666667
0.231372;-0.1078795;0.1361786;0.3764706;0.6941177;0.4666667
0.2351198;-0.1072495;0.1308093;0.3764706;0.6941177;0.4666667
0.2351198;-0.1072495;0.1308093;0.3764706;0.6941177;0.4666667
0.2386175;-0.1075449;0.1249684;0.3764706;0.6941177;0.4666667
0.2386175;-0.1075449;0.1249684;0.3764706;0.6941177;0.4666667
0.2433553;-0.1072746;0.1167101;0.3764706;0.6941177;0.4666667
0.2433553;-0.1072746;0.1167101;0.3764706;0.6941177;0.4666667
0.2461687;-0.1072793;0.1111301;0.3764706;0.6941177;0.4666667
0.2461687;-0.1072793;0.1111301;0.3764706;0.6941177;0.4666667
0.248704;-0.1075488;0.1055831;0.3764706;0.6941177;0.4666667
0.248704;-0.1075488;0.1055831;0.3764706;0.6941177;0.4666667
0.2509746;-0.1079587;0.09993708;0.3764706;0.6941177;0.4666667
0.2509746;-0.1079587;0.09993708;0.3764706;0.6941177;0.4666667
0.2519894;-0.1081659;0.09708035;0.3764706;0.6941177;0.4666667
0.2519894;-0.1081659;0.09708035;0.3764706;0.6941177;0.4666667
0.2555189;-0.1087024;0.08580959;0.3764706;0.6941177;0.4666667
0.2555189;-0.1087024;0.08580959;0.3764706;0.6941177;0.4666667
0.2571556;-0.1089559;0.0799073;0.3764706;0.6941177;0.4666667
0.2571556;-0.1089559;0.0799073;0.3764706;0.6941177;0.4666667
0.2586837;-0.1089061;0.07331848;0.3764706;0.6941177;0.4666667
0.2586837;-0.1089061;0.07331848;0.3764706;0.6941177;0.4666667
0.2595831;-0.1088725;0.06811476;0.3764706;0.6941177;0.4666667
0.2595831;-0.1088725;0.06811476;0.3764706;0.6941177;0.4666667
0.2593006;-0.1044659;0.06562436;0.3764706;0.6941177;0.4666667
0.2593006;-0.1044659;0.06562436;0.3764706;0.6941177;0.4666667
0.2591437;-0.1032098;0.05770087;0.3764706;0.6941177;0.4666667
0.2591437;-0.1032098;0.05770087;0.3764706;0.6941177;0.4666667
0.2587451;-0.1028517;0.05131185;0.3764706;0.6941177;0.4666667
0.2587451;-0.1028517;0.05131185;0.3764706;0.6941177;0.4666667
0.2581693;-0.1026779;0.04575038;0.3764706;0.6941177;0.4666667
0.2581693;-0.1026779;0.04575038;0.3764706;0.6941177;0.4666667
0.2573748;-0.1030844;0.03712022;0.3764706;0.6941177;0.4666667
0.2573748;-0.1030844;0.03712022;0.3764706;0.6941177;0.4666667
0.2572006;-0.1032291;0.03224146;0.3764706;0.6941177;0.4666667
0.2572006;-0.1032291;0.03224146;0.3764706;0.6941177;0.4666667
0.2568733;-0.1024906;0.0235194;0.3764706;0.6941177;0.4666667
0.2568733;-0.1024906;0.0235194;0.3764706;0.6941177;0.4666667
0.2565221;-0.1016757;0.01704657;0.3764706;0.6941177;0.4666667
0.2565221;-0.1016757;0.01704657;0.3764706;0.6941177;0.4666667
0.2560176;-0.101033;0.01028979;0.3764706;0.6941177;0.4666667
0.2560176;-0.101033;0.01028979;0.3764706;0.6941177;0.4666667
0.2488105;-0.09897359;-0.01989615;0.3764706;0.6941177;0.4666667
0.2488105;-0.09897359;-0.01989615;0.3764706;0.6941177;0.4666667
0.2472975;-0.0988764;-0.02459002;0.3764706;0.6941177;0.4666667
0.2472975;-0.0988764;-0.02459002;0.3764706;0.6941177;0.4666667
0.2465202;-0.09882407;-0.02763712;0.3764706;0.6941177;0.4666667
0.2465202;-0.09882407;-0.02763712;0.3764706;0.6941177;0.4666667
0.2438931;-0.09837358;-0.03705859;0.3764706;0.6941177;0.4666667
0.2438931;-0.09837358;-0.03705859;0.3764706;0.6941177;0.4666667
0.2408986;-0.09720546;-0.04633594;0.3764706;0.6941177;0.4666667
0.2408986;-0.09720546;-0.04633594;0.3764706;0.6941177;0.4666667
0.2399483;-0.09686744;-0.04965472;0.3764706;0.6941177;0.4666667
0.2399483;-0.09686744;-0.04965472;0.3764706;0.6941177;0.4666667
0.2362043;-0.09571317;-0.05898547;0.3764706;0.6941177;0.4666667
0.2362043;-0.09571317;-0.05898547;0.3764706;0.6941177;0.4666667
0.2348794;-0.09509467;-0.06190467;0.3764706;0.6941177;0.4666667
0.2348794;-0.09509467;-0.06190467;0.3764706;0.6941177;0.4666667
0.2292737;-0.09298177;-0.07379091;0.3764706;0.6941177;0.4666667
0.2292737;-0.09298177;-0.07379091;0.3764706;0.6941177;0.4666667
0.2262586;-0.09237573;-0.07980978;0.3764706;0.6941177;0.4666667
0.2262586;-0.09237573;-0.07980978;0.3764706;0.6941177;0.4666667
0.224672;-0.09229486;-0.0827843;0.3764706;0.6941177;0.4666667
0.224672;-0.09229486;-0.0827843;0.3764706;0.6941177;0.4666667
0.2180625;-0.09418072;-0.09463239;0.3764706;0.6941177;0.4666667
0.2180625;-0.09418072;-0.09463239;0.3764706;0.6941177;0.4666667
0.2147533;-0.09555347;-0.1004183;0.3764706;0.6941177;0.4666667
0.2147533;-0.09555347;-0.1004183;0.3764706;0.6941177;0.4666667
0.211667;-0.0965931;-0.1068903;0.3764706;0.6941177;0.4666667
0.211667;-0.0965931;-0.1068903;0.3764706;0.6941177;0.4666667
0.2096928;-0.0968423;-0.1119781;0.3764706;0.6941177;0.4666667
0.2096928;-0.0968423;-0.1119781;0.3764706;0.6941177;0.4666667
0.2073232;-0.09625275;-0.1183197;0.3764706;0.6941177;0.4666667
0.2073232;-0.09625275;-0.1183197;0.3764706;0.6941177;0.4666667
0.2038865;-0.09503943;-0.1256068;0.3764706;0.6941177;0.4666667
0.2038865;-0.09503943;-0.1256068;0.3764706;0.6941177;0.4666667
0.2002731;-0.09406658;-0.1311231;0.3764706;0.6941177;0.4666667
0.2002731;-0.09406658;-0.1311231;0.3764706;0.6941177;0.4666667
0.196524;-0.09342173;-0.1358112;0.3764706;0.6941177;0.4666667
0.196524;-0.09342173;-0.1358112;0.3764706;0.6941177;0.4666667
0.1887862;-0.093143;-0.1445897;0.3764706;0.6941177;0.4666667
0.1887862;-0.093143;-0.1445897;0.3764706;0.6941177;0.4666667
0.183402;-0.09311128;-0.1507332;0.3764706;0.6941177;0.4666667
0.183402;-0.09311128;-0.1507332;0.3764706;0.6941177;0.4666667
0.18012;-0.09327926;-0.1548733;0.3764706;0.6941177;0.4666667
0.18012;-0.09327926;-0.1548733;0.3764706;0.6941177;0.4666667
0.1784844;-0.09324944;-0.1568644;0.3764706;0.6941177;0.4666667
0.1784844;-0.09324944;-0.1568644;0.3764706;0.6941177;0.4666667
0.1732629;-0.09291734;-0.1630009;0.3764706;0.6941177;0.4666667
0.1732629;-0.09291734;-0.1630009;0.3764706;0.6941177;0.4666667
0.1686817;-0.09221666;-0.1678247;0.3764706;0.6941177;0.4666667
0.1686817;-0.09221666;-0.1678247;0.3764706;0.6941177;0.4666667
0.165236;-0.09135599;-0.1710259;0.3764706;0.6941177;0.4666667
0.165236;-0.09135599;-0.1710259;0.3764706;0.6941177;0.4666667
0.161601;-0.0904932;-0.1743023;0.3764706;0.6941177;0.4666667
0.161601;-0.0904932;-0.1743023;0.3764706;0.6941177;0.4666667
0.1578913;-0.0896629;-0.1774324;0.3764706;0.6941177;0.4666667
0.1578913;-0.0896629;-0.1774324;0.3764706;0.6941177;0.4666667
0.1507186;-0.08826286;-0.1830262;0.3764706;0.6941177;0.4666667
0.1507186;-0.08826286;-0.1830262;0.3764706;0.6941177;0.4666667
0.1452494;-0.08751786;-0.1871644;0.3764706;0.6941177;0.4666667
0.1452494;-0.08751786;-0.1871644;0.3764706;0.6941177;0.4666667
0.1374068;-0.0864607;-0.1921259;0.3764706;0.6941177;0.4666667
0.1374068;-0.0864607;-0.1921259;0.3764706;0.6941177;0.4666667
0.1316067;-0.08583052;-0.1953161;0.3764706;0.6941177;0.4666667
0.1316067;-0.08583052;-0.1953161;0.3764706;0.6941177;0.4666667
0.1268949;-0.08501083;-0.1975083;0.3764706;0.6941177;0.4666667
0.1268949;-0.08501083;-0.1975083;0.3764706;0.6941177;0.4666667
0.1224058;-0.0843325;-0.1994834;0.3764706;0.6941177;0.4666667
0.1224058;-0.0843325;-0.1994834;0.3764706;0.6941177;0.4666667
0.1169751;-0.0831948;-0.2016082;0.3764706;0.6941177;0.4666667
0.1169751;-0.0831948;-0.2016082;0.3764706;0.6941177;0.4666667
0.1131093;-0.08244213;-0.2031221;0.3764706;0.6941177;0.4666667
0.1131093;-0.08244213;-0.2031221;0.3764706;0.6941177;0.4666667
0.1088204;-0.08162723;-0.2047608;0.3764706;0.6941177;0.4666667
0.1088204;-0.08162723;-0.2047608;0.3764706;0.6941177;0.4666667
0.09854853;-0.08003463;-0.2084917;0.3764706;0.6941177;0.4666667
0.09854853;-0.08003463;-0.2084917;0.3764706;0.6941177;0.4666667
0.09641015;-0.07979362;-0.2091465;0.3764706;0.6941177;0.4666667
0.09641015;-0.07979362;-0.2091465;0.3764706;0.6941177;0.4666667
0.08985481;-0.07901924;-0.21056;0.3764706;0.6941177;0.4666667
0.08985481;-0.07901924;-0.21056;0.3764706;0.6941177;0.4666667
0.08507238;-0.07860851;-0.2112601;0.3764706;0.6941177;0.4666667
0.08507238;-0.07860851;-0.2112601;0.3764706;0.6941177;0.4666667
0.080209;-0.07815842;-0.2116392;0.3764706;0.6941177;0.4666667
0.080209;-0.07815842;-0.2116392;0.3764706;0.6941177;0.4666667
0.07138202;-0.07743601;-0.2117968;0.3764706;0.6941177;0.4666667
0.07138202;-0.07743601;-0.2117968;0.3764706;0.6941177;0.4666667
0.06754035;-0.07707269;-0.2117339;0.3764706;0.6941177;0.4666667
0.06754035;-0.07707269;-0.2117339;0.3764706;0.6941177;0.4666667
0.06256968;-0.0764166;-0.2114094;0.3764706;0.6941177;0.4666667
0.06256968;-0.0764166;-0.2114094;0.3764706;0.6941177;0.4666667
0.05755197;-0.0758367;-0.2110661;0.3764706;0.6941177;0.4666667
0.05755197;-0.0758367;-0.2110661;0.3764706;0.6941177;0.4666667
0.05270866;-0.07525668;-0.2103772;0.3764706;0.6941177;0.4666667
0.05270866;-0.07525668;-0.2103772;0.3764706;0.6941177;0.4666667
0.04523171;-0.07447591;-0.2093881;0.3764706;0.6941177;0.4666667
0.04523171;-0.07447591;-0.2093881;0.3764706;0.6941177;0.4666667
0.04014064;-0.07400803;-0.2085965;0.3764706;0.6941177;0.4666667
0.04014064;-0.07400803;-0.2085965;0.3764706;0.6941177;0.4666667
0.03516295;-0.07342619;-0.2075979;0.3764706;0.6941177;0.4666667
0.03516295;-0.07342619;-0.2075979;0.3764706;0.6941177;0.4666667
0.03009454;-0.07293256;-0.2066931;0.3764706;0.6941177;0.4666667
0.03009454;-0.07293256;-0.2066931;0.3764706;0.6941177;0.4666667
0.02749237;-0.0726617;-0.2061745;0.3764706;0.6941177;0.4666667
0.02749237;-0.0726617;-0.2061745;0.3764706;0.6941177;0.4666667
0.01124509;-0.07139786;-0.2026304;0.3764706;0.6941177;0.4666667
0.01124509;-0.07139786;-0.2026304;0.3764706;0.6941177;0.4666667
0.009182639;-0.07130872;-0.2021464;0.3764706;0.6941177;0.4666667
0.009182639;-0.07130872;-0.2021464;0.3764706;0.6941177;0.4666667
0.0005874634;-0.0703976;-0.1994774;0.3764706;0.6941177;0.4666667
0.0005874634;-0.0703976;-0.1994774;0.3764706;0.6941177;0.4666667
-0.001384612;-0.07025727;-0.1989684;0.3764706;0.6941177;0.4666667
-0.001384612;-0.07025727;-0.1989684;0.3764706;0.6941177;0.4666667
-0.01274308;-0.06911734;-0.1959006;0.3764706;0.6941177;0.4666667
-0.01274308;-0.06911734;-0.1959006;0.3764706;0.6941177;0.4666667
-0.01795567;-0.06834524;-0.1944164;0.3764706;0.6941177;0.4666667
-0.01795567;-0.06834524;-0.1944164;0.3764706;0.6941177;0.4666667
-0.02299603;-0.067426;-0.1928748;0.3764706;0.6941177;0.4666667
-0.02299603;-0.067426;-0.1928748;0.3764706;0.6941177;0.4666667
-0.02799292;-0.06655692;-0.1914288;0.3764706;0.6941177;0.4666667
-0.02799292;-0.06655692;-0.1914288;0.3764706;0.6941177;0.4666667
-0.03299627;-0.06574991;-0.1897261;0.3764706;0.6941177;0.4666667
-0.03299627;-0.06574991;-0.1897261;0.3764706;0.6941177;0.4666667
-0.04055141;-0.06477947;-0.1869816;0.3764706;0.6941177;0.4666667
-0.04055141;-0.06477947;-0.1869816;0.3764706;0.6941177;0.4666667
-0.04572937;-0.0642481;-0.1849858;0.3764706;0.6941177;0.4666667
-0.04572937;-0.0642481;-0.1849858;0.3764706;0.6941177;0.4666667
-0.05091854;-0.06376798;-0.1829344;0.3764706;0.6941177;0.4666667
-0.05091854;-0.06376798;-0.1829344;0.3764706;0.6941177;0.4666667
-0.06113895;-0.06309444;-0.1785425;0.3764706;0.6941177;0.4666667
-0.06113895;-0.06309444;-0.1785425;0.3764706;0.6941177;0.4666667
-0.06890154;-0.06263822;-0.1749644;0.3764706;0.6941177;0.4666667
-0.06890154;-0.06263822;-0.1749644;0.3764706;0.6941177;0.4666667
-0.07387871;-0.06212376;-0.172346;0.3764706;0.6941177;0.4666667
-0.07387871;-0.06212376;-0.172346;0.3764706;0.6941177;0.4666667
-0.07887179;-0.06169465;-0.1697648;0.3764706;0.6941177;0.4666667
-0.07887179;-0.06169465;-0.1697648;0.3764706;0.6941177;0.4666667
-0.08398427;-0.06118947;-0.1670685;0.3764706;0.6941177;0.4666667
-0.08398427;-0.06118947;-0.1670685;0.3764706;0.6941177;0.4666667
-0.09166699;-0.06060307;-0.1627532;0.3764706;0.6941177;0.4666667
-0.09166699;-0.06060307;-0.1627532;0.3764706;0.6941177;0.4666667
-0.09693779;-0.06031124;-0.1596701;0.3764706;0.6941177;0.4666667
-0.09693779;-0.06031124;-0.1596701;0.3764706;0.6941177;0.4666667
-0.1022234;-0.06006289;-0.1563939;0.3764706;0.6941177;0.4666667
-0.1022234;-0.06006289;-0.1563939;0.3764706;0.6941177;0.4666667
-0.1074706;-0.05999555;-0.1531721;0.3764706;0.6941177;0.4666667
-0.1074706;-0.05999555;-0.1531721;0.3764706;0.6941177;0.4666667
-0.1100899;-0.0600233;-0.1515397;0.3764706;0.6941177;0.4666667
-0.1100899;-0.0600233;-0.1515397;0.3764706;0.6941177;0.4666667
-0.1199842;-0.06052222;-0.1451682;0.3764706;0.6941177;0.4666667
-0.1199842;-0.06052222;-0.1451682;0.3764706;0.6941177;0.4666667
-0.1247981;-0.06106173;-0.142134;0.3764706;0.6941177;0.4666667
-0.1247981;-0.06106173;-0.142134;0.3764706;0.6941177;0.4666667
-0.1270583;-0.06130765;-0.140633;0.3764706;0.6941177;0.4666667
-0.1270583;-0.06130765;-0.140633;0.3764706;0.6941177;0.4666667
-0.1338598;-0.06216111;-0.1361374;0.3764706;0.6941177;0.4666667
-0.1338598;-0.06216111;-0.1361374;0.3764706;0.6941177;0.4666667
-0.1406125;-0.06306109;-0.1314911;0.3764706;0.6941177;0.4666667
-0.1406125;-0.06306109;-0.1314911;0.3764706;0.6941177;0.4666667
-0.1449374;-0.06354585;-0.1282582;0.3764706;0.6941177;0.4666667
-0.1449374;-0.06354585;-0.1282582;0.3764706;0.6941177;0.4666667
-0.1492304;-0.06403983;-0.1250421;0.3764706;0.6941177;0.4666667
-0.1492304;-0.06403983;-0.1250421;0.3764706;0.6941177;0.4666667
-0.1541066;-0.06460615;-0.1212802;0.3764706;0.6941177;0.4666667
-0.1541066;-0.06460615;-0.1212802;0.3764706;0.6941177;0.4666667
-0.1628357;-0.0656869;-0.1141163;0.3764706;0.6941177;0.4666667
-0.1628357;-0.0656869;-0.1141163;0.3764706;0.6941177;0.4666667
-0.1693538;-0.0665756;-0.1084156;0.3764706;0.6941177;0.4666667
-0.1693538;-0.0665756;-0.1084156;0.3764706;0.6941177;0.4666667
-0.1735874;-0.06726021;-0.1045527;0.3764706;0.6941177;0.4666667
-0.1735874;-0.06726021;-0.1045527;0.3764706;0.6941177;0.4666667
-0.1756576;-0.06767539;-0.1026745;0.3764706;0.6941177;0.4666667
-0.1756576;-0.06767539;-0.1026745;0.3764706;0.6941177;0.4666667
-0.182124;-0.06903546;-0.09662104;0.3764706;0.6941177;0.4666667
-0.182124;-0.06903546;-0.09662104;0.3764706;0.6941177;0.4666667
-0.1872584;-0.07020658;-0.09172177;0.3764706;0.6941177;0.4666667
-0.1872584;-0.07020658;-0.09172177;0.3764706;0.6941177;0.4666667
-0.1890486;-0.07057074;-0.08988369;0.3764706;0.6941177;0.4666667
-0.1890486;-0.07057074;-0.08988369;0.3764706;0.6941177;0.4666667
-0.1940911;-0.07152437;-0.08477068;0.3764706;0.6941177;0.4666667
-0.1940911;-0.07152437;-0.08477068;0.3764706;0.6941177;0.4666667
-0.1972572;-0.07199506;-0.0813005;0.3764706;0.6941177;0.4666667
-0.1972572;-0.07199506;-0.0813005;0.3764706;0.6941177;0.4666667
-0.2004197;-0.07255299;-0.07809746;0.3764706;0.6941177;0.4666667
-0.2004197;-0.07255299;-0.07809746;0.3764706;0.6941177;0.4666667
-0.2047312;-0.07323401;-0.07292879;0.3764706;0.6941177;0.4666667
-0.2047312;-0.07323401;-0.07292879;0.3764706;0.6941177;0.4666667
-0.2073441;-0.07367747;-0.06952;0.3764706;0.6941177;0.4666667
-0.2073441;-0.07367747;-0.06952;0.3764706;0.6941177;0.4666667
-0.210397;-0.07434178;-0.0655781;0.3764706;0.6941177;0.4666667
-0.210397;-0.07434178;-0.0655781;0.3764706;0.6941177;0.4666667
-0.2120147;-0.07468392;-0.06312752;0.3764706;0.6941177;0.4666667
-0.2120147;-0.07468392;-0.06312752;0.3764706;0.6941177;0.4666667
-0.2149928;-0.0755358;-0.05839467;0.3764706;0.6941177;0.4666667
-0.2149928;-0.0755358;-0.05839467;0.3764706;0.6941177;0.4666667
-0.216815;-0.07611546;-0.0551281;0.3764706;0.6941177;0.4666667
-0.216815;-0.07611546;-0.0551281;0.3764706;0.6941177;0.4666667
-0.2185967;-0.07678984;-0.05193162;0.3764706;0.6941177;0.4666667
-0.2185967;-0.07678984;-0.05193162;0.3764706;0.6941177;0.4666667
-0.220647;-0.0775281;-0.04778194;0.3764706;0.6941177;0.4666667
-0.220647;-0.0775281;-0.04778194;0.3764706;0.6941177;0.4666667
-0.2218989;-0.07793021;-0.04518139;0.3764706;0.6941177;0.4666667
-0.2218989;-0.07793021;-0.04518139;0.3764706;0.6941177;0.4666667
-0.2244671;-0.07865033;-0.03977978;0.3764706;0.6941177;0.4666667
-0.2244671;-0.07865033;-0.03977978;0.3764706;0.6941177;0.4666667
-0.2261088;-0.07897438;-0.03604555;0.3764706;0.6941177;0.4666667
-0.2261088;-0.07897438;-0.03604555;0.3764706;0.6941177;0.4666667
-0.2277619;-0.07929605;-0.03228652;0.3764706;0.6941177;0.4666667
-0.2277619;-0.07929605;-0.03228652;0.3764706;0.6941177;0.4666667
-0.2286229;-0.07944319;-0.03033745;0.3764706;0.6941177;0.4666667
-0.2286229;-0.07944319;-0.03033745;0.3764706;0.6941177;0.4666667
-0.2311039;-0.07978813;-0.02420986;0.3764706;0.6941177;0.4666667
-0.2311039;-0.07978813;-0.02420986;0.3764706;0.6941177;0.4666667
-0.235536;-0.07989952;-0.01075816;0.3764706;0.6941177;0.4666667
-0.235536;-0.07989952;-0.01075816;0.3764706;0.6941177;0.4666667
-0.2365876;-0.08019339;-0.007487178;0.3764706;0.6941177;0.4666667
-0.2365876;-0.08019339;-0.007487178;0.3764706;0.6941177;0.4666667
-0.2376554;-0.08050077;-0.004050136;0.3764706;0.6941177;0.4666667
-0.2376554;-0.08050077;-0.004050136;0.3764706;0.6941177;0.4666667
-0.2388221;-0.08072335;0.001279593;0.3764706;0.6941177;0.4666667
-0.2388221;-0.08072335;0.001279593;0.3764706;0.6941177;0.4666667
-0.2391031;-0.08078118;0.002992749;0.3764706;0.6941177;0.4666667
-0.2391031;-0.08078118;0.002992749;0.3764706;0.6941177;0.4666667
-0.2399234;-0.0809279;0.00818193;0.3764706;0.6941177;0.4666667
-0.2399234;-0.0809279;0.00818193;0.3764706;0.6941177;0.4666667
-0.2406162;-0.08113492;0.01318109;0.3764706;0.6941177;0.4666667
-0.2406162;-0.08113492;0.01318109;0.3764706;0.6941177;0.4666667
-0.2408667;-0.08101307;0.01658487;0.3764706;0.6941177;0.4666667
-0.2408667;-0.08101307;0.01658487;0.3764706;0.6941177;0.4666667
-0.2411707;-0.08094712;0.02002656;0.3764706;0.6941177;0.4666667
-0.2411707;-0.08094712;0.02002656;0.3764706;0.6941177;0.4666667
-0.2414968;-0.08087162;0.02349222;0.3764706;0.6941177;0.4666667
-0.2414968;-0.08087162;0.02349222;0.3764706;0.6941177;0.4666667
-0.242358;-0.08054566;0.03161323;0.3764706;0.6941177;0.4666667
-0.242358;-0.08054566;0.03161323;0.3764706;0.6941177;0.4666667
-0.2428323;-0.08045836;0.03459144;0.3764706;0.6941177;0.4666667
-0.2428323;-0.08045836;0.03459144;0.3764706;0.6941177;0.4666667
-0.2434773;-0.0801134;0.04075193;0.3764706;0.6941177;0.4666667
-0.2434773;-0.0801134;0.04075193;0.3764706;0.6941177;0.4666667
-0.2437498;-0.07986584;0.04377067;0.3764706;0.6941177;0.4666667
-0.2437498;-0.07986584;0.04377067;0.3764706;0.6941177;0.4666667
-0.2440665;-0.07961609;0.0466553;0.3764706;0.6941177;0.4666667
-0.2440665;-0.07961609;0.0466553;0.3764706;0.6941177;0.4666667
-0.2444176;-0.07936116;0.04949963;0.3764706;0.6941177;0.4666667
-0.2444176;-0.07936116;0.04949963;0.3764706;0.6941177;0.4666667
-0.2450788;-0.07928167;0.05399966;0.3764706;0.6941177;0.4666667
-0.2450788;-0.07928167;0.05399966;0.3764706;0.6941177;0.4666667
-0.2453416;-0.07921997;0.05645657;0.3764706;0.6941177;0.4666667
-0.2453416;-0.07921997;0.05645657;0.3764706;0.6941177;0.4666667
-0.2455799;-0.07927076;0.05779254;0.3764706;0.6941177;0.4666667
-0.2455799;-0.07927076;0.05779254;0.3764706;0.6941177;0.4666667
-0.2459044;-0.07916787;0.06233144;0.3764706;0.6941177;0.4666667
-0.2459044;-0.07916787;0.06233144;0.3764706;0.6941177;0.4666667
-0.2464213;-0.07927188;0.0661484;0.3764706;0.6941177;0.4666667
-0.2464213;-0.07927188;0.0661484;0.3764706;0.6941177;0.4666667
-0.2465938;-0.07926928;0.06918442;0.3764706;0.6941177;0.4666667
-0.2465938;-0.07926928;0.06918442;0.3764706;0.6941177;0.4666667
-0.2466223;-0.07925218;0.0708828;0.3764706;0.6941177;0.4666667
-0.2466223;-0.07925218;0.0708828;0.3764706;0.6941177;0.4666667
-0.2466361;-0.07920504;0.07300854;0.3764706;0.6941177;0.4666667
-0.2466361;-0.07920504;0.07300854;0.3764706;0.6941177;0.4666667
-0.2465261;-0.07907511;0.07801378;0.3764706;0.6941177;0.4666667
-0.2465261;-0.07907511;0.07801378;0.3764706;0.6941177;0.4666667
-0.2463586;-0.07901394;0.08013439;0.3764706;0.6941177;0.4666667
-0.2463586;-0.07901394;0.08013439;0.3764706;0.6941177;0.4666667
-0.246213;-0.07898696;0.08158863;0.3764706;0.6941177;0.4666667
-0.246213;-0.07898696;0.08158863;0.3764706;0.6941177;0.4666667
-0.2456103;-0.07866973;0.08396578;0.3764706;0.6941177;0.4666667
-0.2456103;-0.07866973;0.08396578;0.3764706;0.6941177;0.4666667
-0.2442803;-0.07823022;0.08663917;0.3764706;0.6941177;0.4666667
-0.2442803;-0.07823022;0.08663917;0.3764706;0.6941177;0.4666667
-0.2435336;-0.07813338;0.08771729;0.3764706;0.6941177;0.4666667
-0.2435336;-0.07813338;0.08771729;0.3764706;0.6941177;0.4666667
-0.2428499;-0.0781817;0.08869433;0.3764706;0.6941177;0.4666667
-0.2428499;-0.0781817;0.08869433;0.3764706;0.6941177;0.4666667
-0.2419051;-0.0783327;0.09025872;0.3764706;0.6941177;0.4666667
-0.2419051;-0.0783327;0.09025872;0.3764706;0.6941177;0.4666667
-0.2408293;-0.07849494;0.09250867;0.3764706;0.6941177;0.4666667
-0.2408293;-0.07849494;0.09250867;0.3764706;0.6941177;0.4666667
-0.2401768;-0.07855302;0.09366035;0.3764706;0.6941177;0.4666667
-0.2401768;-0.07855302;0.09366035;0.3764706;0.6941177;0.4666667
-0.2395603;-0.07867638;0.09480762;0.3764706;0.6941177;0.4666667
-0.2395603;-0.07867638;0.09480762;0.3764706;0.6941177;0.4666667
-0.2387927;-0.07907328;0.0967294;0.3764706;0.6941177;0.4666667
-0.2387927;-0.07907328;0.0967294;0.3764706;0.6941177;0.4666667
-0.2382703;-0.07924137;0.09775698;0.3764706;0.6941177;0.4666667
-0.2382703;-0.07924137;0.09775698;0.3764706;0.6941177;0.4666667
-0.2376971;-0.07943433;0.09890771;0.3764706;0.6941177;0.4666667
-0.2376971;-0.07943433;0.09890771;0.3764706;0.6941177;0.4666667
-0.2371995;-0.07974586;0.1001849;0.3764706;0.6941177;0.4666667
-0.2371995;-0.07974586;0.1001849;0.3764706;0.6941177;0.4666667
-0.2356754;-0.07960258;0.1036153;0.3764706;0.6941177;0.4666667
-0.2356754;-0.07960258;0.1036153;0.3764706;0.6941177;0.4666667
-0.2352788;-0.07960152;0.1049739;0.3764706;0.6941177;0.4666667
-0.2352788;-0.07960152;0.1049739;0.3764706;0.6941177;0.4666667
-0.2348873;-0.07953279;0.106389;0.3764706;0.6941177;0.4666667
-0.2348873;-0.07953279;0.106389;0.3764706;0.6941177;0.4666667
-0.2345214;-0.07944318;0.1078526;0.3764706;0.6941177;0.4666667
-0.2345214;-0.07944318;0.1078526;0.3764706;0.6941177;0.4666667
-0.2341023;-0.07932011;0.1094301;0.3764706;0.6941177;0.4666667
-0.2341023;-0.07932011;0.1094301;0.3764706;0.6941177;0.4666667
-0.2334705;-0.07901734;0.1112638;0.3764706;0.6941177;0.4666667
-0.2334705;-0.07901734;0.1112638;0.3764706;0.6941177;0.4666667
-0.2329485;-0.07875962;0.1126903;0.3764706;0.6941177;0.4666667
-0.2329485;-0.07875962;0.1126903;0.3764706;0.6941177;0.4666667
-0.2325498;-0.07853688;0.1137782;0.3764706;0.6941177;0.4666667
-0.2325498;-0.07853688;0.1137782;0.3764706;0.6941177;0.4666667
-0.2319951;-0.07820255;0.1151429;0.3764706;0.6941177;0.4666667
-0.2319951;-0.07820255;0.1151429;0.3764706;0.6941177;0.4666667
-0.2312141;-0.07838722;0.1171169;0.3764706;0.6941177;0.4666667
-0.2312141;-0.07838722;0.1171169;0.3764706;0.6941177;0.4666667
-0.2305759;-0.07972605;0.1218866;0.3764706;0.6941177;0.4666667
-0.2305759;-0.07972605;0.1218866;0.3764706;0.6941177;0.4666667
-0.2303165;-0.07974385;0.1231472;0.3764706;0.6941177;0.4666667
-0.2303165;-0.07974385;0.1231472;0.3764706;0.6941177;0.4666667
-0.2280787;-0.0770737;0.1253548;0.3764706;0.6941177;0.4666667
-0.2280787;-0.0770737;0.1253548;0.3764706;0.6941177;0.4666667
-0.2268725;-0.07716849;0.1269515;0.3764706;0.6941177;0.4666667
-0.2268725;-0.07716849;0.1269515;0.3764706;0.6941177;0.4666667
-0.226349;-0.07700423;0.1288921;0.3764706;0.6941177;0.4666667
-0.226349;-0.07700423;0.1288921;0.3764706;0.6941177;0.4666667
-0.2259397;-0.07733405;0.1297687;0.3764706;0.6941177;0.4666667
-0.2259397;-0.07733405;0.1297687;0.3764706;0.6941177;0.4666667
-0.224857;-0.07753517;0.1306883;0.3764706;0.6941177;0.4666667
-0.224857;-0.07753517;0.1306883;0.3764706;0.6941177;0.4666667
-0.2241908;-0.07811184;0.1314235;0.3764706;0.6941177;0.4666667
-0.2241908;-0.07811184;0.1314235;0.3764706;0.6941177;0.4666667
-0.2230758;-0.07789537;0.1317688;0.3764706;0.6941177;0.4666667
-0.2230758;-0.07789537;0.1317688;0.3764706;0.6941177;0.4666667
-0.2222387;-0.07705827;0.1324914;0.3764706;0.6941177;0.4666667
-0.2222387;-0.07705827;0.1324914;0.3764706;0.6941177;0.4666667
-0.2215538;-0.07567557;0.1332752;0.3764706;0.6941177;0.4666667
-0.2215538;-0.07567557;0.1332752;0.3764706;0.6941177;0.4666667
-0.2210116;-0.07442543;0.1347783;0.3764706;0.6941177;0.4666667
-0.2210116;-0.07442543;0.1347783;0.3764706;0.6941177;0.4666667
-0.2199891;-0.07335925;0.1356224;0.3764706;0.6941177;0.4666667
-0.2199891;-0.07335925;0.1356224;0.3764706;0.6941177;0.4666667
-0.2186478;-0.07261545;0.1357721;0.3764706;0.6941177;0.4666667
-0.2186478;-0.07261545;0.1357721;0.3764706;0.6941177;0.4666667
-0.2175336;-0.07187245;0.1357244;0.3764706;0.6941177;0.4666667
-0.2175336;-0.07187245;0.1357244;0.3764706;0.6941177;0.4666667
-0.2167232;-0.07119513;0.1362358;0.3764706;0.6941177;0.4666667
-0.2167232;-0.07119513;0.1362358;0.3764706;0.6941177;0.4666667
-0.216587;-0.07067842;0.1377707;0.3764706;0.6941177;0.4666667
-0.216587;-0.07067842;0.1377707;0.3764706;0.6941177;0.4666667
-0.216658;-0.07041302;0.1391968;0.3764706;0.6941177;0.4666667
-0.216658;-0.07041302;0.1391968;0.3764706;0.6941177;0.4666667
-0.2161033;-0.06909052;0.1412539;0.3764706;0.6941177;0.4666667
-0.2161033;-0.06909052;0.1412539;0.3764706;0.6941177;0.4666667
-0.2153924;-0.06840811;0.1414579;0.3764706;0.6941177;0.4666667
-0.2153924;-0.06840811;0.1414579;0.3764706;0.6941177;0.4666667
-0.2140375;-0.06788762;0.1415944;0.3764706;0.6941177;0.4666667
